5	30	0.4529
6.528	30	0.6864
8.394	30	0.1857
10.26	30	0.1389
12.12	30	0.06732
13.99	30	0.103
15.85	30	0.08158
17.72	30	0.1035
19.59	30	0.07432
21.45	30	0.0601
23.32	30	0.05555
25.18	30	0.06042
27.05	30	0.07094
28.91	30	0.15
30.78	30	0.09171
32.64	30	0.03561
34.51	30	0.03115
36.37	30	0.09592
38.24	30	0.2233
5	31.88	0.7669
6.528	31.88	0.3533
8.394	31.88	0.2908
10.26	31.88	0.2641
12.12	31.88	0.3293
13.99	31.88	0.0967
15.85	31.88	0.1418
17.72	31.88	0.3544
19.59	31.88	0.04894
21.45	31.88	0.04455
23.32	31.88	0.05197
25.18	31.88	0.05958
27.05	31.88	0.1
28.91	31.88	0.05528
30.78	31.88	0.03908
32.64	31.88	0.02757
34.51	31.88	0.1
36.37	31.88	0.1925
38.24	31.88	0.3469
5	33.75	0.5423
6.528	33.75	0.5745
8.394	33.75	0.3142
10.26	33.75	0.2502
12.12	33.75	0.2023
13.99	33.75	0.1473
15.85	33.75	0.1405
17.72	33.75	0.1444
19.59	33.75	0.04052
21.45	33.75	0.04023
23.32	33.75	0.04961
25.18	33.75	0.2463
27.05	33.75	0.03707
28.91	33.75	0.05438
30.78	33.75	0.03673
32.64	33.75	0.08004
34.51	33.75	0.054
36.37	33.75	0.05678
38.24	33.75	0.03926
5	35.63	0.1859
6.528	35.63	0.2575
8.394	35.63	0.211
10.26	35.63	0.1848
12.12	35.63	0.2254
13.99	35.63	0.1291
15.85	35.63	0.05165
17.72	35.63	0.0358
19.59	35.63	0.0902
21.45	35.63	0.1951
23.32	35.63	0.225
25.18	35.63	0.06826
27.05	35.63	0.07732
28.91	35.63	0.1059
30.78	35.63	0.2127
32.64	35.63	0.06023
34.51	35.63	0.1085
36.37	35.63	0.2976
38.24	35.63	0.03168
5	37.5	0.1512
6.528	37.5	0.1231
8.394	37.5	0.08765
10.26	37.5	0.1189
12.12	37.5	0.07081
13.99	37.5	0.08367
15.85	37.5	0.09565
17.72	37.5	0.1638
19.59	37.5	0.2488
21.45	37.5	0.353
23.32	37.5	0.2187
25.18	37.5	0.1539
27.05	37.5	0.05265
28.91	37.5	0.07107
30.78	37.5	0.07847
32.64	37.5	0.075
34.51	37.5	0.09909
36.37	37.5	0.1167
38.24	37.5	0.0281
5	39.38	0.1495
6.528	39.38	0.09435
8.394	39.38	0.07852
10.26	39.38	0.07906
12.12	39.38	0.1125
13.99	39.38	0.1655
15.85	39.38	0.1781
17.72	39.38	0.2465
19.59	39.38	0.2591
21.45	39.38	0.2039
23.32	39.38	0.35
25.18	39.38	0.07043
27.05	39.38	0.06071
28.91	39.38	0.07349
30.78	39.38	0.0799
32.64	39.38	0.1
34.51	39.38	0.04906
36.37	39.38	0.03652
38.24	39.38	0.02297
5	41.25	0.133
6.528	41.25	0.08068
8.394	41.25	0.06316
10.26	41.25	0.06858
12.12	41.25	0.1002
13.99	41.25	0.1425
15.85	41.25	0.1782
17.72	41.25	0.4393
19.59	41.25	0.2649
21.45	41.25	0.1937
23.32	41.25	0.1893
25.18	41.25	0.07408
27.05	41.25	0.0689
28.91	41.25	0.06564
30.78	41.25	0.03842
32.64	41.25	0.06315
34.51	41.25	0.075
36.37	41.25	0.03735
38.24	41.25	0.01987
5	43.13	0.1223
6.528	43.13	0.09197
8.394	43.13	0.07506
10.26	43.13	0.07755
12.12	43.13	0.2044
13.99	43.13	0.214
15.85	43.13	0.1
17.72	43.13	0.1518
19.59	43.13	0.3357
21.45	43.13	0.2408
23.32	43.13	0.2094
25.18	43.13	0.1031
27.05	43.13	0.02965
28.91	43.13	0.0364
30.78	43.13	0.03909
32.64	43.13	0.07206
34.51	43.13	0.07677
36.37	43.13	0.04568
38.24	43.13	0.02194
5	45	0.1157
6.528	45	0.1007
8.394	45	0.07723
10.26	45	0.2286
12.12	45	0.2917
13.99	45	0.194
15.85	45	0.1602
17.72	45	0.1668
19.59	45	0.2328
21.45	45	0.2251
23.32	45	0.325
25.18	45	0.1711
27.05	45	0.217
28.91	45	0.03422
30.78	45	0.325
32.64	45	0.08033
34.51	45	0.06565
36.37	45	0.1287
38.24	45	0.02855
5	46.88	0.1218
6.528	46.88	0.1141
8.394	46.88	0.2078
10.26	46.88	0.2603
12.12	46.88	0.3476
13.99	46.88	0.224
15.85	46.88	0.136
17.72	46.88	0.2756
19.59	46.88	0.2484
21.45	46.88	0.1462
23.32	46.88	0.2
25.18	46.88	0.2719
27.05	46.88	0.3325
28.91	46.88	0.41
30.78	46.88	0.1109
32.64	46.88	0.05
34.51	46.88	0.1618
36.37	46.88	0.1748
38.24	46.88	0.03703
5	48.75	0.1395
6.528	48.75	0.207
8.394	48.75	0.2433
10.26	48.75	0.1784
12.12	48.75	0.2571
13.99	48.75	0.1538
15.85	48.75	0.1668
17.72	48.75	0.1483
19.59	48.75	0.216
21.45	48.75	0.1824
23.32	48.75	0.2307
25.18	48.75	0.3423
27.05	48.75	0.3338
28.91	48.75	0.3847
30.78	48.75	0.07385
32.64	48.75	0.08648
34.51	48.75	0.02529
36.37	48.75	0.1
38.24	48.75	0.03948
5	50.63	0.2001
6.528	50.63	0.2417
8.394	50.63	0.1882
10.26	50.63	0.3521
12.12	50.63	0.2544
13.99	50.63	0.1535
15.85	50.63	0.1827
17.72	50.63	0.1272
19.59	50.63	0.2319
21.45	50.63	0.3184
23.32	50.63	0.2381
25.18	50.63	0.2267
27.05	50.63	0.1924
28.91	50.63	0.1852
30.78	50.63	0.107
32.64	50.63	0.05
34.51	50.63	0.03282
36.37	50.63	0.1
38.24	50.63	0.04877
5	52.5	0.1495
6.528	52.5	0.1937
8.394	52.5	0.2938
10.26	52.5	0.2519
12.12	52.5	0.2971
13.99	52.5	0.2374
15.85	52.5	0.2746
17.72	52.5	0.2112
19.59	52.5	0.2243
21.45	52.5	0.2207
23.32	52.5	0.1158
25.18	52.5	0.2242
27.05	52.5	0.1066
28.91	52.5	0.02778
30.78	52.5	0.05086
32.64	52.5	0.05
34.51	52.5	0.02525
36.37	52.5	0.0521
38.24	52.5	0.04371
5	54.38	0.1492
6.528	54.38	0.2532
8.394	54.38	0.2455
10.26	54.38	0.2251
12.12	54.38	0.2598
13.99	54.38	0.2313
15.85	54.38	0.2144
17.72	54.38	0.2382
19.59	54.38	0.06061
21.45	54.38	0.2191
23.32	54.38	0.1156
25.18	54.38	0.2241
27.05	54.38	0.2456
28.91	54.38	0.05279
30.78	54.38	0.02924
32.64	54.38	0.02929
34.51	54.38	0.1746
36.37	54.38	0.02501
38.24	54.38	0.03645
5	56.25	0.1519
6.528	56.25	0.2993
8.394	56.25	0.2682
10.26	56.25	0.2516
12.12	56.25	0.2859
13.99	56.25	0.2578
15.85	56.25	0.2432
17.72	56.25	0.127
19.59	56.25	0.175
21.45	56.25	0.2105
23.32	56.25	0.1087
25.18	56.25	0.195
27.05	56.25	0.3375
28.91	56.25	0.03846
30.78	56.25	0.0302
32.64	56.25	0.05057
34.51	56.25	0.03552
36.37	56.25	0.02751
38.24	56.25	0.03172
5	58.13	0.1534
6.528	58.13	0.2552
8.394	58.13	0.2901
10.26	58.13	0.2708
12.12	58.13	0.2265
13.99	58.13	0.2093
15.85	58.13	0.4419
17.72	58.13	0.15
19.59	58.13	0.1768
21.45	58.13	0.2002
23.32	58.13	0.2314
25.18	58.13	0.2489
27.05	58.13	0.1011
28.91	58.13	0.06277
30.78	58.13	0.0421
32.64	58.13	0.02632
34.51	58.13	0.05595
36.37	58.13	0.1136
38.24	58.13	0.03135
5	60	0.2038
6.528	60	0.3217
8.394	60	0.2673
10.26	60	0.2167
12.12	60	0.261
13.99	60	0.286
15.85	60	0.2394
17.72	60	0.1217
19.59	60	0.1492
21.45	60	0.2042
23.32	60	0.2348
25.18	60	0.4257
27.05	60	0.1201
28.91	60	0.02799
30.78	60	0.02774
32.64	60	0.025
34.51	60	0.1
36.37	60	0.03726
38.24	60	0.03619
5	61.88	0.1947
6.528	61.88	0.2612
8.394	61.88	0.3137
10.26	61.88	0.2333
12.12	61.88	0.2435
13.99	61.88	0.2278
15.85	61.88	0.1045
17.72	61.88	0.1992
19.59	61.88	0.2248
21.45	61.88	0.1946
23.32	61.88	0.1989
25.18	61.88	0.7076
27.05	61.88	0.03157
28.91	61.88	0.02774
30.78	61.88	0.03536
32.64	61.88	0.0681
34.51	61.88	0.02982
36.37	61.88	0.05235
38.24	61.88	0.03682
5	63.75	0.2023
6.528	63.75	0.3425
8.394	63.75	0.2364
10.26	63.75	0.2313
12.12	63.75	0.2002
13.99	63.75	0.2
15.85	63.75	0.204
17.72	63.75	0.2182
19.59	63.75	0.152
21.45	63.75	0.1286
23.32	63.75	0.2342
25.18	63.75	0.6896
27.05	63.75	0.02644
28.91	63.75	0.02607
30.78	63.75	0.02648
32.64	63.75	0.02805
34.51	63.75	0.05
36.37	63.75	0.03724
38.24	63.75	0.043
5	65.63	0.242
6.528	65.63	0.2643
8.394	65.63	0.2601
10.26	65.63	0.025
12.12	65.63	0.1893
13.99	65.63	0.2182
15.85	65.63	0.1455
17.72	65.63	0.2037
19.59	65.63	0.1002
21.45	65.63	0.1499
23.32	65.63	0.1437
25.18	65.63	0.2919
27.05	65.63	0.03266
28.91	65.63	0.02839
30.78	65.63	0.025
32.64	65.63	0.03173
34.51	65.63	0.04124
36.37	65.63	0.02582
38.24	65.63	0.05177
5	67.5	0.2915
6.528	67.5	0.2425
8.394	67.5	0.2549
10.26	67.5	0.2693
12.12	67.5	0.03484
13.99	67.5	0.3013
15.85	67.5	0.5359
17.72	67.5	0.1039
19.59	67.5	0.1491
21.45	67.5	0.08666
23.32	67.5	0.4319
25.18	67.5	0.3658
27.05	67.5	0.02555
28.91	67.5	0.02541
30.78	67.5	0.04363
32.64	67.5	0.03996
34.51	67.5	0.02563
36.37	67.5	0.02741
38.24	67.5	0.05909
5	69.38	0.3256
6.528	69.38	0.1252
8.394	69.38	0.292
10.26	69.38	0.101
12.12	69.38	0.08635
13.99	69.38	0.3714
15.85	69.38	0.1431
17.72	69.38	0.08931
19.59	69.38	0.312
21.45	69.38	0.2518
23.32	69.38	0.4441
25.18	69.38	0.1282
27.05	69.38	0.03089
28.91	69.38	0.04745
30.78	69.38	0.05758
32.64	69.38	0.1718
34.51	69.38	0.02844
36.37	69.38	0.05398
38.24	69.38	0.04736
5	71.25	0.204
6.528	71.25	0.2245
8.394	71.25	0.2038
10.26	71.25	0.03557
12.12	71.25	0.1809
13.99	71.25	0.3479
15.85	71.25	0.2306
17.72	71.25	0.3
19.59	71.25	0.3835
21.45	71.25	0.4567
23.32	71.25	0.2575
25.18	71.25	0.05034
27.05	71.25	0.1859
28.91	71.25	0.05
30.78	71.25	0.05
32.64	71.25	0.225
34.51	71.25	0.03565
36.37	71.25	0.1
38.24	71.25	0.01953
5	73.13	0.2236
6.528	73.13	0.1763
8.394	73.13	0.025
10.26	73.13	0.1779
12.12	73.13	0.3726
13.99	73.13	0.358
15.85	73.13	0.3508
17.72	73.13	0.2272
19.59	73.13	0.5162
21.45	73.13	0.3839
23.32	73.13	0.2169
25.18	73.13	0.06063
27.05	73.13	0.1202
28.91	73.13	0.025
30.78	73.13	0.07259
32.64	73.13	0.02823
34.51	73.13	0.05476
36.37	73.13	0.1492
38.24	73.13	0.01206
5	75	0.1953
6.528	75	0.2552
8.394	75	0.2217
10.26	75	0.2696
12.12	75	1.058
13.99	75	0.3356
15.85	75	0.373
17.72	75	0.3707
19.59	75	0.4684
21.45	75	0.03111
23.32	75	0.1537
25.18	75	0.03912
27.05	75	0.05
28.91	75	0.02551
30.78	75	0.1157
32.64	75	0.07434
34.51	75	0.06027
36.37	75	0.2
38.24	75	0.01087
5	76.88	0.277
6.528	76.88	0.196
8.394	76.88	0.2539
10.26	76.88	0.2774
12.12	76.88	0.2731
13.99	76.88	0.2676
15.85	76.88	0.2944
17.72	76.88	0.2954
19.59	76.88	0.05994
21.45	76.88	0.1934
23.32	76.88	0.1094
25.18	76.88	0.175
27.05	76.88	0.02617
28.91	76.88	0.05
30.78	76.88	0.3791
32.64	76.88	0.03118
34.51	76.88	0.2
36.37	76.88	0.07774
38.24	76.88	0.02829
5	78.75	0.2
6.528	78.75	0.153
8.394	78.75	0.1871
10.26	78.75	0.306
12.12	78.75	0.2654
13.99	78.75	0.265
15.85	78.75	0.2214
17.72	78.75	0.09227
19.59	78.75	0.03591
21.45	78.75	0.03346
23.32	78.75	0.04559
25.18	78.75	0.03342
27.05	78.75	0.02606
28.91	78.75	0.3489
30.78	78.75	0.04339
32.64	78.75	0.01348
34.51	78.75	0.008365
36.37	78.75	0.0135
38.24	78.75	0.06244
5	80.63	0.1
6.528	80.63	0.1513
8.394	80.63	0.3723
10.26	80.63	0.2078
12.12	80.63	0.2693
13.99	80.63	0.1852
15.85	80.63	0.1972
17.72	80.63	0.02794
19.59	80.63	0.04894
21.45	80.63	0.0326
23.32	80.63	0.025
25.18	80.63	0.05345
27.05	80.63	0.107
28.91	80.63	0.05471
30.78	80.63	0.02295
32.64	80.63	0.007255
34.51	80.63	0.007335
36.37	80.63	0.01939
38.24	80.63	0.06669
5	82.5	0.1332
6.528	82.5	0.1596
8.394	82.5	0.255
10.26	82.5	0.2428
12.12	82.5	0.3122
13.99	82.5	0.1886
15.85	82.5	0.1409
17.72	82.5	0.0306
19.59	82.5	0.03332
21.45	82.5	0.1311
23.32	82.5	0.05
25.18	82.5	0.06912
27.05	82.5	0.3028
28.91	82.5	0.03068
30.78	82.5	0.013
32.64	82.5	0.01435
34.51	82.5	0.008839
36.37	82.5	0.02016
38.24	82.5	0.04277
5	84.38	0.2162
6.528	84.38	0.2742
8.394	84.38	0.2202
10.26	84.38	0.2797
12.12	84.38	0.1219
13.99	84.38	0.2
15.85	84.38	0.1622
17.72	84.38	0.03582
19.59	84.38	0.1041
21.45	84.38	0.1993
23.32	84.38	0.1
25.18	84.38	0.3497
27.05	84.38	0.07006
28.91	84.38	0.01355
30.78	84.38	0.007613
32.64	84.38	0.02477
34.51	84.38	0.01297
36.37	84.38	0.01545
38.24	84.38	0.03629
5	86.25	0.154
6.528	86.25	0.1411
8.394	86.25	0.1706
10.26	86.25	0.1864
12.12	86.25	0.1346
13.99	86.25	0.1827
15.85	86.25	0.2058
17.72	86.25	0.04606
19.59	86.25	0.1381
21.45	86.25	0.925
23.32	86.25	0.3136
25.18	86.25	0.1599
27.05	86.25	0.05561
28.91	86.25	0.00829
30.78	86.25	0.006194
32.64	86.25	0.02774
34.51	86.25	0.01568
36.37	86.25	0.01177
38.24	86.25	0.02461
5	88.13	0.1222
6.528	88.13	0.2445
8.394	88.13	0.2219
10.26	88.13	0.3362
12.12	88.13	0.3346
13.99	88.13	0.02708
15.85	88.13	0.1052
17.72	88.13	0.02901
19.59	88.13	0.09742
21.45	88.13	0.1962
23.32	88.13	0.1849
25.18	88.13	0.1658
27.05	88.13	0.07094
28.91	88.13	0.007806
30.78	88.13	0.006645
32.64	88.13	0.02674
34.51	88.13	0.01713
36.37	88.13	0.01094
38.24	88.13	0.02235
5	90	0.142
6.528	90	0.3069
8.394	90	0.1826
10.26	90	0.025
12.12	90	0.05338
13.99	90	0.1774
15.85	90	0.07135
17.72	90	0.05
19.59	90	0.1399
21.45	90	0.1683
23.32	90	0.1634
25.18	90	0.1338
27.05	90	0.0969
28.91	90	0.01129
30.78	90	0.007774
32.64	90	0.02742
34.51	90	0.01777
36.37	90	0.01248
38.24	90	0.01935
5	91.88	0.2689
6.528	91.88	0.1274
8.394	91.88	0.2032
10.26	91.88	0.05
12.12	91.88	0.08176
13.99	91.88	0.225
15.85	91.88	0.1508
17.72	91.88	0.1013
19.59	91.88	0.1056
21.45	91.88	0.1135
23.32	91.88	0.1069
25.18	91.88	0.1069
27.05	91.88	0.1353
28.91	91.88	0.02581
30.78	91.88	0.00929
32.64	91.88	0.0251
34.51	91.88	0.01881
36.37	91.88	0.01481
38.24	91.88	0.02152
5	93.75	0.1544
6.528	93.75	0.3605
8.394	93.75	0.1
10.26	93.75	0.3304
12.12	93.75	0.16
13.99	93.75	0.1216
15.85	93.75	0.08781
17.72	93.75	0.07665
19.59	93.75	0.07603
21.45	93.75	0.0929
23.32	93.75	0.09197
25.18	93.75	0.09845
27.05	93.75	0.1578
28.91	93.75	0.03903
30.78	93.75	0.01123
32.64	93.75	0.02294
34.51	93.75	0.01897
36.37	93.75	0.01706
38.24	93.75	0.01868
5	95.63	0.3917
6.528	95.63	0.225
8.394	95.63	0.2586
10.26	95.63	0.2274
12.12	95.63	0.1399
13.99	95.63	0.1153
15.85	95.63	0.08977
17.72	95.63	0.06977
19.59	95.63	0.05874
21.45	95.63	0.07916
23.32	95.63	0.08813
25.18	95.63	0.09174
27.05	95.63	0.1393
28.91	95.63	0.05871
30.78	95.63	0.01255
32.64	95.63	0.02194
34.51	95.63	0.02074
36.37	95.63	0.01668
38.24	95.63	0.01345
5	97.5	0.2208
6.528	97.5	0.1514
8.394	97.5	0.2587
10.26	97.5	0.1146
12.12	97.5	0.1211
13.99	97.5	0.1151
15.85	97.5	0.09877
17.72	97.5	0.09335
19.59	97.5	0.07329
21.45	97.5	0.0759
23.32	97.5	0.08755
25.18	97.5	0.06794
27.05	97.5	0.0791
28.91	97.5	0.05639
30.78	97.5	0.01468
32.64	97.5	0.02158
34.51	97.5	0.02139
36.37	97.5	0.01494
38.24	97.5	0.01216
5	99.38	0.3136
6.528	99.38	0.09461
8.394	99.38	0.1506
10.26	99.38	0.1148
12.12	99.38	0.1249
13.99	99.38	0.1277
15.85	99.38	0.1113
17.72	99.38	0.1326
19.59	99.38	0.125
21.45	99.38	0.09387
23.32	99.38	0.08452
25.18	99.38	0.06097
27.05	99.38	0.05045
28.91	99.38	0.03087
30.78	99.38	0.01581
32.64	99.38	0.02126
34.51	99.38	0.01819
36.37	99.38	0.01365
38.24	99.38	0.01277
5	101.3	0.1239
6.528	101.3	0.1333
8.394	101.3	0.1403
10.26	101.3	0.1271
12.12	101.3	0.1241
13.99	101.3	0.1319
15.85	101.3	0.1346
17.72	101.3	0.1521
19.59	101.3	0.2029
21.45	101.3	0.1609
23.32	101.3	0.1182
25.18	101.3	0.08003
27.05	101.3	0.05523
28.91	101.3	0.03413
30.78	101.3	0.01871
32.64	101.3	0.02152
34.51	101.3	0.01574
36.37	101.3	0.01474
38.24	101.3	0.02016
5	103.1	0.1021
6.528	103.1	0.1078
8.394	103.1	0.1364
10.26	103.1	0.1207
12.12	103.1	0.129
13.99	103.1	0.1368
15.85	103.1	0.1666
17.72	103.1	0.1962
19.59	103.1	0.2523
21.45	103.1	0.2674
23.32	103.1	0.1909
25.18	103.1	0.1609
27.05	103.1	0.149
28.91	103.1	0.3173
30.78	103.1	0.2292
32.64	103.1	0.04352
34.51	103.1	0.01852
36.37	103.1	0.02413
38.24	103.1	0.02445
5	105	0.09565
6.528	105	0.1344
8.394	105	0.1215
10.26	105	0.1344
12.12	105	0.1264
13.99	105	0.1503
15.85	105	0.2074
17.72	105	0.2706
19.59	105	0.2742
21.45	105	0.2553
23.32	105	0.2442
25.18	105	0.2656
27.05	105	0.41
28.91	105	0.7203
30.78	105	0.6647
32.64	105	0.25
34.51	105	0.06571
36.37	105	0.04632
38.24	105	0.03803
5	106.9	0.08655
6.528	106.9	0.1424
8.394	106.9	0.1405
10.26	106.9	0.1316
12.12	106.9	0.1446
13.99	106.9	0.1877
15.85	106.9	0.2637
17.72	106.9	0.375
19.59	106.9	0.3227
21.45	106.9	0.2382
23.32	106.9	0.2765
25.18	106.9	0.2715
27.05	106.9	0.3897
28.91	106.9	0.5811
30.78	106.9	0.4941
32.64	106.9	0.2833
34.51	106.9	0.1458
36.37	106.9	0.09545
38.24	106.9	0.07503
5	108.8	0.04665
6.528	108.8	0.1012
8.394	108.8	0.155
10.26	108.8	0.1606
12.12	108.8	0.1665
13.99	108.8	0.206
15.85	108.8	0.3035
17.72	108.8	0.3944
19.59	108.8	0.3087
21.45	108.8	0.2023
23.32	108.8	0.2234
25.18	108.8	0.2936
27.05	108.8	0.3484
28.91	108.8	0.4114
30.78	108.8	0.383
32.64	108.8	0.2887
34.51	108.8	0.2258
36.37	108.8	0.1528
38.24	108.8	0.1105
5	110.6	0.04297
6.528	110.6	0.05545
8.394	110.6	0.1114
10.26	110.6	0.1823
12.12	110.6	0.2145
13.99	110.6	0.2214
15.85	110.6	0.2699
17.72	110.6	0.3498
19.59	110.6	0.3001
21.45	110.6	0.1753
23.32	110.6	0.1804
25.18	110.6	0.2606
27.05	110.6	0.3336
28.91	110.6	0.3961
30.78	110.6	0.3583
32.64	110.6	0.2791
34.51	110.6	0.2097
36.37	110.6	0.1728
38.24	110.6	0.1067
5	112.5	0.03687
6.528	112.5	0.04868
8.394	112.5	0.05677
10.26	112.5	0.1147
12.12	112.5	0.1878
13.99	112.5	0.2027
15.85	112.5	0.2298
17.72	112.5	0.3273
19.59	112.5	0.36
21.45	112.5	0.2105
23.32	112.5	0.1592
25.18	112.5	0.2315
27.05	112.5	0.2871
28.91	112.5	0.3743
30.78	112.5	0.3299
32.64	112.5	0.3062
34.51	112.5	0.2398
36.37	112.5	0.226
38.24	112.5	0.1172
5	114.4	0.024
6.528	114.4	0.04223
8.394	114.4	0.04155
10.26	114.4	0.0609
12.12	114.4	0.1194
13.99	114.4	0.1814
15.85	114.4	0.2046
17.72	114.4	0.2808
19.59	114.4	0.3419
21.45	114.4	0.229
23.32	114.4	0.1465
25.18	114.4	0.2112
27.05	114.4	0.2462
28.91	114.4	0.2871
30.78	114.4	0.2916
32.64	114.4	0.2854
34.51	114.4	0.05
36.37	114.4	0.2398
38.24	114.4	0.1598
5	116.3	0.03294
6.528	116.3	0.02448
8.394	116.3	0.03803
10.26	116.3	0.03958
12.12	116.3	0.07352
13.99	116.3	0.1373
15.85	116.3	0.1765
17.72	116.3	0.2464
19.59	116.3	0.3049
21.45	116.3	0.2759
23.32	116.3	0.1569
25.18	116.3	0.2013
27.05	116.3	0.258
28.91	116.3	0.2505
30.78	116.3	0.2393
32.64	116.3	0.0268
34.51	116.3	0.03587
36.37	116.3	0.215
38.24	116.3	0.1863
5	118.1	0.02513
6.528	118.1	0.01735
8.394	118.1	0.03097
10.26	118.1	0.03384
12.12	118.1	0.03703
13.99	118.1	0.08465
15.85	118.1	0.1242
17.72	118.1	0.193
19.59	118.1	0.2968
21.45	118.1	0.281
23.32	118.1	0.2493
25.18	118.1	0.1981
27.05	118.1	0.2656
28.91	118.1	0.2838
30.78	118.1	0.0297
32.64	118.1	0.03106
34.51	118.1	0.03372
36.37	118.1	0.1623
38.24	118.1	0.1652
