5	30	0.2207
6.528	30	0.2164
8.394	30	0.1808
10.26	30	0.1324
12.12	30	0.09993
13.99	30	0.07834
15.85	30	0.05612
17.72	30	0.05979
19.59	30	0.06427
21.45	30	0.05559
23.32	30	0.04583
25.18	30	0.05269
27.05	30	0.05094
28.91	30	0.03218
30.78	30	0.03191
32.64	30	0.01521
34.51	30	0.02158
36.37	30	0.196
38.24	30	0.05916
5	31.88	0.2058
6.528	31.88	0.2651
8.394	31.88	0.2162
10.26	31.88	0.1685
12.12	31.88	0.1196
13.99	31.88	0.0818
15.85	31.88	0.05113
17.72	31.88	0.05029
19.59	31.88	0.05616
21.45	31.88	0.05229
23.32	31.88	0.04425
25.18	31.88	0.04257
27.05	31.88	0.02536
28.91	31.88	0.02106
30.78	31.88	0.01719
32.64	31.88	0.02248
34.51	31.88	0.1735
36.37	31.88	0.1002
38.24	31.88	0.06249
5	33.75	0.1569
6.528	33.75	0.31
8.394	33.75	0.2595
10.26	33.75	0.1765
12.12	33.75	0.1694
13.99	33.75	0.1268
15.85	33.75	0.07626
17.72	33.75	0.06547
19.59	33.75	0.06789
21.45	33.75	0.05293
23.32	33.75	0.03839
25.18	33.75	0.05
27.05	33.75	0.02242
28.91	33.75	0.03674
30.78	33.75	0.02076
32.64	33.75	0.02451
34.51	33.75	0.222
36.37	33.75	0.1259
38.24	33.75	0.04265
5	35.63	0.1019
6.528	35.63	0.2137
8.394	35.63	0.2729
10.26	35.63	0.2211
12.12	35.63	0.1193
13.99	35.63	0.08658
15.85	35.63	0.0647
17.72	35.63	0.05764
19.59	35.63	0.04928
21.45	35.63	0.2093
23.32	35.63	0.007196
25.18	35.63	0.02198
27.05	35.63	0.02071
28.91	35.63	0.0183
30.78	35.63	0.02429
32.64	35.63	0.01699
34.51	35.63	0.09119
36.37	35.63	0.08444
38.24	35.63	0.03911
5	37.5	0.09099
6.528	37.5	0.1065
8.394	37.5	0.105
10.26	37.5	0.09017
12.12	37.5	0.07763
13.99	37.5	0.06433
15.85	37.5	0.04952
17.72	37.5	0.07097
19.59	37.5	0.1259
21.45	37.5	0.244
23.32	37.5	0.03077
25.18	37.5	0.01912
27.05	37.5	0.02171
28.91	37.5	0.04043
30.78	37.5	0.02782
32.64	37.5	0.04461
34.51	37.5	0.1254
36.37	37.5	0.1654
38.24	37.5	0.07339
5	39.38	0.09038
6.528	39.38	0.06581
8.394	39.38	0.05803
10.26	39.38	0.05137
12.12	39.38	0.05277
13.99	39.38	0.0718
15.85	39.38	0.0798
17.72	39.38	0.05405
19.59	39.38	0.2061
21.45	39.38	0.02217
23.32	39.38	0.04018
25.18	39.38	0.02125
27.05	39.38	0.01447
28.91	39.38	0.02989
30.78	39.38	0.03379
32.64	39.38	0.01885
34.51	39.38	0.07732
36.37	39.38	0.07734
38.24	39.38	0.05832
5	41.25	0.07586
6.528	41.25	0.0603
8.394	41.25	0.05631
10.26	41.25	0.04452
12.12	41.25	0.05129
13.99	41.25	0.05922
15.85	41.25	0.04941
17.72	41.25	0.1321
19.59	41.25	0.1515
21.45	41.25	0.01681
23.32	41.25	0.07625
25.18	41.25	0.03091
27.05	41.25	0.05644
28.91	41.25	0.01979
30.78	41.25	0.02664
32.64	41.25	0.03189
34.51	41.25	0.04681
36.37	41.25	0.1108
38.24	41.25	0.0925
5	43.13	0.07769
6.528	43.13	0.08816
8.394	43.13	0.09713
10.26	43.13	0.05449
12.12	43.13	0.0996
13.99	43.13	0.06856
15.85	43.13	0.1019
17.72	43.13	0.1287
19.59	43.13	0.129
21.45	43.13	0.08358
23.32	43.13	0.06127
25.18	43.13	0.03389
27.05	43.13	0.02139
28.91	43.13	0.02418
30.78	43.13	0.02551
32.64	43.13	0.03547
34.51	43.13	0.094
36.37	43.13	0.0578
38.24	43.13	0.03241
5	45	0.07115
6.528	45	0.06289
8.394	45	0.04212
10.26	45	0.09948
12.12	45	0.15
13.99	45	0.1361
15.85	45	0.06439
17.72	45	0.07274
19.59	45	0.06873
21.45	45	0.07026
23.32	45	0.1315
25.18	45	0.01709
27.05	45	0.2236
28.91	45	0.01858
30.78	45	0.05995
32.64	45	0.03903
34.51	45	0.07296
36.37	45	0.04897
38.24	45	0.02993
5	46.88	0.07266
6.528	46.88	0.07202
8.394	46.88	0.09578
10.26	46.88	0.09382
12.12	46.88	0.08979
13.99	46.88	0.06475
15.85	46.88	0.07386
17.72	46.88	0.1073
19.59	46.88	0.06789
21.45	46.88	0.09605
23.32	46.88	0.2918
25.18	46.88	0.1736
27.05	46.88	0.04693
28.91	46.88	0.2011
30.78	46.88	0.06173
32.64	46.88	0.07327
34.51	46.88	0.02205
36.37	46.88	0.2475
38.24	46.88	0.05903
5	48.75	0.1154
6.528	48.75	0.07249
8.394	48.75	0.07515
10.26	48.75	0.07199
12.12	48.75	0.08223
13.99	48.75	0.1291
15.85	48.75	0.1234
17.72	48.75	0.08649
19.59	48.75	0.1253
21.45	48.75	0.07806
23.32	48.75	0.1114
25.18	48.75	0.09272
27.05	48.75	0.2238
28.91	48.75	0.08518
30.78	48.75	0.05865
32.64	48.75	0.07244
34.51	48.75	0.0392
36.37	48.75	0.1004
38.24	48.75	0.0334
5	50.63	0.07544
6.528	50.63	0.0926
8.394	50.63	0.1513
10.26	50.63	0.09321
12.12	50.63	0.08367
13.99	50.63	0.2487
15.85	50.63	0.1474
17.72	50.63	0.09735
19.59	50.63	0.08706
21.45	50.63	0.07252
23.32	50.63	0.1173
25.18	50.63	0.1819
27.05	50.63	0.1347
28.91	50.63	0.1734
30.78	50.63	0.0569
32.64	50.63	0.03087
34.51	50.63	0.02261
36.37	50.63	0.2838
38.24	50.63	0.1014
5	52.5	0.1355
6.528	52.5	0.2981
8.394	52.5	0.1208
10.26	52.5	0.09551
12.12	52.5	0.2925
13.99	52.5	0.2234
15.85	52.5	0.1042
17.72	52.5	0.1152
19.59	52.5	0.1698
21.45	52.5	0.09225
23.32	52.5	0.09711
25.18	52.5	0.1183
27.05	52.5	0.1685
28.91	52.5	0.139
30.78	52.5	0.05743
32.64	52.5	0.0213
34.51	52.5	0.01377
36.37	52.5	0.02109
38.24	52.5	0.1015
5	54.38	0.1656
6.528	54.38	0.07759
8.394	54.38	0.104
10.26	54.38	0.09278
12.12	54.38	0.2959
13.99	54.38	0.08051
15.85	54.38	0.105
17.72	54.38	0.09043
19.59	54.38	0.08087
21.45	54.38	0.0743
23.32	54.38	0.1131
25.18	54.38	0.1451
27.05	54.38	0.3983
28.91	54.38	0.02135
30.78	54.38	0.02012
32.64	54.38	0.01592
34.51	54.38	0.01349
36.37	54.38	0.04712
38.24	54.38	0.04731
5	56.25	0.05127
6.528	56.25	0.1046
8.394	56.25	0.09237
10.26	56.25	0.1758
12.12	56.25	0.2707
13.99	56.25	0.09267
15.85	56.25	0.0849
17.72	56.25	0.1145
19.59	56.25	0.1509
21.45	56.25	0.1438
23.32	56.25	0.09686
25.18	56.25	0.1576
27.05	56.25	0.3562
28.91	56.25	0.02372
30.78	56.25	0.01595
32.64	56.25	0.01339
34.51	56.25	0.01811
36.37	56.25	0.03631
38.24	56.25	0.04936
5	58.13	0.1524
6.528	58.13	0.1084
8.394	58.13	0.2139
10.26	58.13	0.3622
12.12	58.13	0.09022
13.99	58.13	0.1195
15.85	58.13	0.1189
17.72	58.13	0.1138
19.59	58.13	0.08084
21.45	58.13	0.3214
23.32	58.13	0.2133
25.18	58.13	0.2274
27.05	58.13	0.03787
28.91	58.13	0.01361
30.78	58.13	0.01035
32.64	58.13	0.02024
34.51	58.13	0.01385
36.37	58.13	0.04385
38.24	58.13	0.0729
5	60	0.08912
6.528	60	0.2964
8.394	60	0.1903
10.26	60	0.2566
12.12	60	0.1563
13.99	60	0.4281
15.85	60	0.09594
17.72	60	0.01734
19.59	60	0.165
21.45	60	0.02853
23.32	60	0.1655
25.18	60	0.222
27.05	60	0.0449
28.91	60	0.008375
30.78	60	0.02137
32.64	60	0.0252
34.51	60	0.01935
36.37	60	0.01641
38.24	60	0.04334
5	61.88	0.1204
6.528	61.88	0.2945
8.394	61.88	0.2796
10.26	61.88	0.2747
12.12	61.88	0.09008
13.99	61.88	0.215
15.85	61.88	0.06446
17.72	61.88	0.225
19.59	61.88	0.09042
21.45	61.88	0.03613
23.32	61.88	0.06367
25.18	61.88	0.2745
27.05	61.88	0.06559
28.91	61.88	0.0188
30.78	61.88	0.0134
32.64	61.88	0.01517
34.51	61.88	0.02136
36.37	61.88	0.105
38.24	61.88	0.1094
5	63.75	0.1128
6.528	63.75	0.5267
8.394	63.75	0.194
10.26	63.75	0.2503
12.12	63.75	0.3099
13.99	63.75	0.0628
15.85	63.75	0.1775
17.72	63.75	0.1095
19.59	63.75	0.103
21.45	63.75	0.06864
23.32	63.75	0.124
25.18	63.75	0.4678
27.05	63.75	0.008256
28.91	63.75	0.01362
30.78	63.75	0.01191
32.64	63.75	0.01501
34.51	63.75	0.04523
36.37	63.75	0.1294
38.24	63.75	0.06501
5	65.63	0.2985
6.528	65.63	0.1262
8.394	65.63	0.1973
10.26	65.63	0.1933
12.12	65.63	0.01779
13.99	65.63	0.0358
15.85	65.63	0.301
17.72	65.63	0.04953
19.59	65.63	0.04271
21.45	65.63	0.04383
23.32	65.63	0.1245
25.18	65.63	0.2975
27.05	65.63	0.01203
28.91	65.63	0.01331
30.78	65.63	0.008539
32.64	65.63	0.02586
34.51	65.63	0.02078
36.37	65.63	0.025
38.24	65.63	0.06265
5	67.5	0.1611
6.528	67.5	0.2072
8.394	67.5	0.3202
10.26	67.5	0.3143
12.12	67.5	0.02229
13.99	67.5	0.08797
15.85	67.5	0.09153
17.72	67.5	0.03952
19.59	67.5	0.1126
21.45	67.5	0.06781
23.32	67.5	0.2121
25.18	67.5	0.3265
27.05	67.5	0.01571
28.91	67.5	0.0179
30.78	67.5	0.02335
32.64	67.5	0.01543
34.51	67.5	0.02808
36.37	67.5	0.009553
38.24	67.5	0.0486
5	69.38	0.2317
6.528	69.38	0.2818
8.394	69.38	0.246
10.26	69.38	0.06306
12.12	69.38	0.02802
13.99	69.38	0.1636
15.85	69.38	0.06174
17.72	69.38	0.09382
19.59	69.38	0.07156
21.45	69.38	0.07881
23.32	69.38	0.5
25.18	69.38	0.19
27.05	69.38	0.01419
28.91	69.38	0.02898
30.78	69.38	0.02148
32.64	69.38	0.014
34.51	69.38	0.04042
36.37	69.38	0.02813
38.24	69.38	0.0108
5	71.25	0.02052
6.528	71.25	0.01758
8.394	71.25	0.1406
10.26	71.25	0.02003
12.12	71.25	0.04774
13.99	71.25	0.4409
15.85	71.25	0.1666
17.72	71.25	0.3674
19.59	71.25	0.1397
21.45	71.25	0.2865
23.32	71.25	0.2141
25.18	71.25	0.2831
27.05	71.25	0.1902
28.91	71.25	0.03128
30.78	71.25	0.02655
32.64	71.25	0.01838
34.51	71.25	0.02157
36.37	71.25	0.02367
38.24	71.25	0.02454
5	73.13	0.2147
6.528	73.13	0.2884
8.394	73.13	0.1157
10.26	73.13	0.1016
12.12	73.13	0.1605
13.99	73.13	0.3002
15.85	73.13	0.1825
17.72	73.13	0.3418
19.59	73.13	0.3015
21.45	73.13	0.2172
23.32	73.13	0.02535
25.18	73.13	0.06997
27.05	73.13	0.08491
28.91	73.13	0.01844
30.78	73.13	0.01959
32.64	73.13	0.01091
34.51	73.13	0.07499
36.37	73.13	0.09346
38.24	73.13	0.02564
5	75	0.2193
6.528	75	0.2188
8.394	75	0.175
10.26	75	0.1764
12.12	75	0.08514
13.99	75	0.1688
15.85	75	0.1671
17.72	75	0.1122
19.59	75	0.1681
21.45	75	0.01737
23.32	75	0.0389
25.18	75	0.05279
27.05	75	0.06763
28.91	75	0.01181
30.78	75	0.009784
32.64	75	0.009478
34.51	75	0.03449
36.37	75	0.12
38.24	75	0.006571
5	76.88	0.1017
6.528	76.88	0.07299
8.394	76.88	0.07568
10.26	76.88	0.1714
12.12	76.88	0.1297
13.99	76.88	0.1848
15.85	76.88	0.08722
17.72	76.88	0.329
19.59	76.88	0.01829
21.45	76.88	0.03189
23.32	76.88	0.02538
25.18	76.88	0.0301
27.05	76.88	0.0186
28.91	76.88	0.01541
30.78	76.88	0.03007
32.64	76.88	0.1023
34.51	76.88	0.0269
36.37	76.88	0.02767
38.24	76.88	3.227e-007
5	78.75	0.07629
6.528	78.75	0.02021
8.394	78.75	0.1051
10.26	78.75	0.1011
12.12	78.75	0.2075
13.99	78.75	0.1061
15.85	78.75	0.115
17.72	78.75	0.0793
19.59	78.75	0.02584
21.45	78.75	0.02776
23.32	78.75	0.02212
25.18	78.75	0.01969
27.05	78.75	0.01793
28.91	78.75	0.122
30.78	78.75	0.05367
32.64	78.75	0.01055
34.51	78.75	0.007946
36.37	78.75	0.007313
38.24	78.75	7.006e-005
5	80.63	0.04761
6.528	80.63	0.1152
8.394	80.63	0.1122
10.26	80.63	0.09919
12.12	80.63	0.07116
13.99	80.63	0.04603
15.85	80.63	0.06241
17.72	80.63	0.01385
19.59	80.63	0.01688
21.45	80.63	0.02097
23.32	80.63	0.005865
25.18	80.63	0.02175
27.05	80.63	0.0384
28.91	80.63	0.06353
30.78	80.63	0.004058
32.64	80.63	0.003666
34.51	80.63	0.0002168
36.37	80.63	0.0001612
38.24	80.63	0.01789
5	82.5	0.08154
6.528	82.5	0.1107
8.394	82.5	0.1722
10.26	82.5	0.07144
12.12	82.5	0.07331
13.99	82.5	0.0701
15.85	82.5	0.01827
17.72	82.5	0.01917
19.59	82.5	0.02123
21.45	82.5	0.01594
23.32	82.5	0.01329
25.18	82.5	0.03383
27.05	82.5	0.08162
28.91	82.5	1.042e-005
30.78	82.5	0.001862
32.64	82.5	0.0002267
34.51	82.5	3.833e-007
36.37	82.5	8.096e-006
38.24	82.5	0.011
5	84.38	0.1107
6.528	84.38	0.0709
8.394	84.38	0.09195
10.26	84.38	0.1228
12.12	84.38	0.294
13.99	84.38	0.07283
15.85	84.38	0.1532
17.72	84.38	0.02292
19.59	84.38	0.02963
21.45	84.38	0.02078
23.32	84.38	0.02206
25.18	84.38	0.1033
27.05	84.38	0.03728
28.91	84.38	3.598e-005
30.78	84.38	8.208e-007
32.64	84.38	1.905e-007
34.51	84.38	1.872e-008
36.37	84.38	4.93e-008
38.24	84.38	2.957e-005
5	86.25	0.0855
6.528	86.25	0.1115
8.394	86.25	0.1367
10.26	86.25	0.05
12.12	86.25	0.09218
13.99	86.25	0.05154
15.85	86.25	0.02415
17.72	86.25	0.01819
19.59	86.25	0.03011
21.45	86.25	0.025
23.32	86.25	0.1225
25.18	86.25	0.0916
27.05	86.25	3.318e-006
28.91	86.25	2.911e-008
30.78	86.25	2.458e-008
32.64	86.25	9.63e-009
34.51	86.25	8.319e-009
36.37	86.25	1.646e-006
38.24	86.25	6.266e-006
5	88.13	0.1657
6.528	88.13	0.08378
8.394	88.13	0.09532
10.26	88.13	0.1052
12.12	88.13	0.04743
13.99	88.13	0.0189
15.85	88.13	0.01641
17.72	88.13	0.02789
19.59	88.13	0.025
21.45	88.13	0.1378
23.32	88.13	0.108
25.18	88.13	0.05962
27.05	88.13	0.005556
28.91	88.13	3.748e-008
30.78	88.13	4.959e-007
32.64	88.13	0.0001036
34.51	88.13	0.008303
36.37	88.13	0.0006775
38.24	88.13	0.005907
5	90	0.1875
6.528	90	0.2076
8.394	90	0.08484
10.26	90	0.08206
12.12	90	0.02237
13.99	90	0.09679
15.85	90	0.0193
17.72	90	0.01086
19.59	90	0.08466
21.45	90	0.1114
23.32	90	0.1043
25.18	90	0.06303
27.05	90	0.01954
28.91	90	1.332e-007
30.78	90	1.177e-007
32.64	90	0.006046
34.51	90	2.226e-006
36.37	90	4.102e-008
38.24	90	3.129e-008
5	91.88	0.1274
6.528	91.88	0.1646
8.394	91.88	0.1502
10.26	91.88	0.01293
12.12	91.88	0.04311
13.99	91.88	0.01919
15.85	91.88	0.04535
17.72	91.88	0.0315
19.59	91.88	0.05667
21.45	91.88	0.06277
23.32	91.88	0.05044
25.18	91.88	0.06671
27.05	91.88	0.0597
28.91	91.88	7.505e-005
30.78	91.88	1.449e-008
32.64	91.88	3.81e-010
34.51	91.88	3.774e-009
36.37	91.88	1.294e-006
38.24	91.88	0.004149
5	93.75	0.09555
6.528	93.75	0.1463
8.394	93.75	0.025
10.26	93.75	0.08585
12.12	93.75	0.04665
13.99	93.75	0.1215
15.85	93.75	0.0947
17.72	93.75	0.08938
19.59	93.75	0.0576
21.45	93.75	0.06321
23.32	93.75	0.05824
25.18	93.75	0.0831
27.05	93.75	0.09015
28.91	93.75	0.03487
30.78	93.75	4.041e-006
32.64	93.75	5.336e-005
34.51	93.75	0.005472
36.37	93.75	0.02151
38.24	93.75	0.02073
5	95.63	0.2135
6.528	95.63	0.1668
8.394	95.63	0.08071
10.26	95.63	0.09932
12.12	95.63	0.1217
13.99	95.63	0.1212
15.85	95.63	0.1079
17.72	95.63	0.06563
19.59	95.63	0.03816
21.45	95.63	0.03538
23.32	95.63	0.05181
25.18	95.63	0.06903
27.05	95.63	0.0859
28.91	95.63	0.05582
30.78	95.63	0.00799
32.64	95.63	0.0002767
34.51	95.63	0.009931
36.37	95.63	0.01853
38.24	95.63	0.02434
5	97.5	0.1371
6.528	97.5	0.1414
8.394	97.5	0.1578
10.26	97.5	0.1066
12.12	97.5	0.1148
13.99	97.5	0.1151
15.85	97.5	0.09314
17.72	97.5	0.0718
19.59	97.5	0.05874
21.45	97.5	0.06115
23.32	97.5	0.04811
25.18	97.5	0.04635
27.05	97.5	0.04069
28.91	97.5	0.03372
30.78	97.5	0.01313
32.64	97.5	0.006138
34.51	97.5	0.01295
36.37	97.5	0.02817
38.24	97.5	0.02589
5	99.38	0.2414
6.528	99.38	0.1219
8.394	99.38	0.1129
10.26	99.38	0.09154
12.12	99.38	0.1199
13.99	99.38	0.1328
15.85	99.38	0.1067
17.72	99.38	0.1028
19.59	99.38	0.1083
21.45	99.38	0.09145
23.32	99.38	0.06326
25.18	99.38	0.04179
27.05	99.38	0.0291
28.91	99.38	0.02486
30.78	99.38	0.01288
32.64	99.38	0.01202
34.51	99.38	0.02018
36.37	99.38	0.0189
38.24	99.38	0.01602
5	101.3	0.114
6.528	101.3	0.1069
8.394	101.3	0.08727
10.26	101.3	0.09517
12.12	101.3	0.1056
13.99	101.3	0.1441
15.85	101.3	0.1247
17.72	101.3	0.1179
19.59	101.3	0.1088
21.45	101.3	0.09211
23.32	101.3	0.06564
25.18	101.3	0.04193
27.05	101.3	0.02819
28.91	101.3	0.03004
30.78	101.3	0.02649
32.64	101.3	0.02173
34.51	101.3	0.03011
36.37	101.3	0.02314
38.24	101.3	0.02195
5	103.1	0.08931
6.528	103.1	0.07846
8.394	103.1	0.08214
10.26	103.1	0.08436
12.12	103.1	0.09545
13.99	103.1	0.114
15.85	103.1	0.1208
17.72	103.1	0.129
19.59	103.1	0.1581
21.45	103.1	0.1316
23.32	103.1	0.09794
25.18	103.1	0.08651
27.05	103.1	0.1021
28.91	103.1	0.2152
30.78	103.1	0.2928
32.64	103.1	0.1166
34.51	103.1	0.05451
36.37	103.1	0.03616
38.24	103.1	0.04428
5	105	0.08856
6.528	105	0.09883
8.394	105	0.08828
10.26	105	0.09775
12.12	105	0.09641
13.99	105	0.108
15.85	105	0.1349
17.72	105	0.1411
19.59	105	0.1722
21.45	105	0.1574
23.32	105	0.1249
25.18	105	0.1264
27.05	105	0.2652
28.91	105	0.5083
30.78	105	0.5722
32.64	105	0.2828
34.51	105	0.08721
36.37	105	0.04247
38.24	105	0.05156
5	106.9	0.06955
6.528	106.9	0.09242
8.394	106.9	0.08624
10.26	106.9	0.08659
12.12	106.9	0.1136
13.99	106.9	0.1327
15.85	106.9	0.1708
17.72	106.9	0.2057
19.59	106.9	0.1905
21.45	106.9	0.1842
23.32	106.9	0.2058
25.18	106.9	0.1939
27.05	106.9	0.2401
28.91	106.9	0.4548
30.78	106.9	0.4203
32.64	106.9	0.2463
34.51	106.9	0.1462
36.37	106.9	0.1099
38.24	106.9	0.08389
5	108.8	0.06551
6.528	108.8	0.08219
8.394	108.8	0.09651
10.26	108.8	0.09818
12.12	108.8	0.1019
13.99	108.8	0.1305
15.85	108.8	0.1983
17.72	108.8	0.2187
19.59	108.8	0.1709
21.45	108.8	0.1806
23.32	108.8	0.2511
25.18	108.8	0.2483
27.05	108.8	0.2551
28.91	108.8	0.3422
30.78	108.8	0.3677
32.64	108.8	0.2723
34.51	108.8	0.2834
36.37	108.8	0.1423
38.24	108.8	0.07724
5	110.6	0.04141
6.528	110.6	0.04881
8.394	110.6	0.07255
10.26	110.6	0.09278
12.12	110.6	0.07276
13.99	110.6	0.08726
15.85	110.6	0.1118
17.72	110.6	0.1457
19.59	110.6	0.1201
21.45	110.6	0.1791
23.32	110.6	0.2318
25.18	110.6	0.3639
27.05	110.6	0.5088
28.91	110.6	0.5121
30.78	110.6	0.5222
32.64	110.6	0.4509
34.51	110.6	0.3458
36.37	110.6	0.1825
38.24	110.6	0.08934
5	112.5	0.03358
6.528	112.5	0.03747
8.394	112.5	0.04776
10.26	112.5	0.03309
12.12	112.5	0.02287
13.99	112.5	0.03449
15.85	112.5	0.04568
17.72	112.5	0.07643
19.59	112.5	0.1606
21.45	112.5	0.162
23.32	112.5	0.2137
25.18	112.5	0.334
27.05	112.5	0.527
28.91	112.5	0.5407
30.78	112.5	0.5134
32.64	112.5	0.4119
34.51	112.5	0.3214
36.37	112.5	0.2258
38.24	112.5	0.1189
5	114.4	0.03165
6.528	114.4	0.0346
8.394	114.4	0.00364
10.26	114.4	0.0003528
12.12	114.4	0.005899
13.99	114.4	0.006327
15.85	114.4	0.01277
17.72	114.4	0.0884
19.59	114.4	0.1573
21.45	114.4	0.1784
23.32	114.4	0.2523
25.18	114.4	0.3457
27.05	114.4	0.5292
28.91	114.4	0.5743
30.78	114.4	0.4277
32.64	114.4	0.3494
34.51	114.4	0.02381
36.37	114.4	0.2181
38.24	114.4	0.1361
5	116.3	0.04216
6.528	116.3	0.03323
8.394	116.3	0.04488
10.26	116.3	0.05584
12.12	116.3	0.07904
13.99	116.3	0.07155
15.85	116.3	0.07258
17.72	116.3	0.09362
19.59	116.3	0.1341
21.45	116.3	0.1717
23.32	116.3	0.2052
25.18	116.3	0.2871
27.05	116.3	0.4396
28.91	116.3	0.4109
30.78	116.3	0.3196
32.64	116.3	0.01532
34.51	116.3	0.02552
36.37	116.3	0.1593
38.24	116.3	0.1922
5	118.1	0.03535
6.528	118.1	0.03049
8.394	118.1	0.04779
10.26	118.1	0.0539
12.12	118.1	0.06647
13.99	118.1	0.06196
15.85	118.1	0.05876
17.72	118.1	0.07193
19.59	118.1	0.1102
21.45	118.1	0.135
23.32	118.1	0.1843
25.18	118.1	0.2417
27.05	118.1	0.2615
28.91	118.1	0.3001
30.78	118.1	0.02581
32.64	118.1	0.01799
34.51	118.1	0.07485
36.37	118.1	0.1785
38.24	118.1	0.168
