5	30	0.4463
6.528	30	0.3038
8.394	30	0.2123
10.26	30	0.1643
12.12	30	0.138
13.99	30	0.1334
15.85	30	0.1275
17.72	30	0.1467
19.59	30	0.1452
21.45	30	0.1165
23.32	30	0.1069
25.18	30	0.1014
27.05	30	0.09233
28.91	30	0.15
30.78	30	0.09171
32.64	30	0.03561
34.51	30	0.03115
36.37	30	0.09592
38.24	30	0.08283
5	31.88	0.4072
6.528	31.88	0.4055
8.394	31.88	0.2707
10.26	31.88	0.1911
12.12	31.88	0.1969
13.99	31.88	0.2053
15.85	31.88	0.1643
17.72	31.88	0.147
19.59	31.88	0.1458
21.45	31.88	0.1185
23.32	31.88	0.1178
25.18	31.88	0.09717
27.05	31.88	0.1
28.91	31.88	0.05528
30.78	31.88	0.03908
32.64	31.88	0.02757
34.51	31.88	0.1
36.37	31.88	0.1654
38.24	31.88	0.04925
5	33.75	0.2838
6.528	33.75	0.3747
8.394	33.75	0.3054
10.26	33.75	0.2113
12.12	33.75	0.1772
13.99	33.75	0.1508
15.85	33.75	0.1218
17.72	33.75	0.1069
19.59	33.75	0.0895
21.45	33.75	0.07704
23.32	33.75	0.0471
25.18	33.75	0.2508
27.05	33.75	0.03707
28.91	33.75	0.05438
30.78	33.75	0.03673
32.64	33.75	0.08004
34.51	33.75	0.054
36.37	33.75	0.05678
38.24	33.75	0.1011
5	35.63	0.2695
6.528	35.63	0.3494
8.394	35.63	0.2757
10.26	35.63	0.2152
12.12	35.63	0.1737
13.99	35.63	0.1263
15.85	35.63	0.07577
17.72	35.63	0.07053
19.59	35.63	0.05611
21.45	35.63	0.3003
23.32	35.63	0.225
25.18	35.63	0.06826
27.05	35.63	0.07732
28.91	35.63	0.1059
30.78	35.63	0.2127
32.64	35.63	0.06023
34.51	35.63	0.1157
36.37	35.63	0.304
38.24	35.63	0.1218
5	37.5	0.2575
6.528	37.5	0.2074
8.394	37.5	0.1293
10.26	37.5	0.08963
12.12	37.5	0.1074
13.99	37.5	0.1226
15.85	37.5	0.08504
17.72	37.5	0.06959
19.59	37.5	0.4
21.45	37.5	0.3535
23.32	37.5	0.2187
25.18	37.5	0.1539
27.05	37.5	0.05265
28.91	37.5	0.07107
30.78	37.5	0.07847
32.64	37.5	0.075
34.51	37.5	0.1171
36.37	37.5	0.153
38.24	37.5	0.07455
5	39.38	0.1181
6.528	39.38	0.1212
8.394	39.38	0.09621
10.26	39.38	0.0772
12.12	39.38	0.07583
13.99	39.38	0.1061
15.85	39.38	0.07307
17.72	39.38	0.2513
19.59	39.38	0.2592
21.45	39.38	0.2039
23.32	39.38	0.35
25.18	39.38	0.07043
27.05	39.38	0.06071
28.91	39.38	0.07349
30.78	39.38	0.0799
32.64	39.38	0.1
34.51	39.38	0.04821
36.37	39.38	0.05924
38.24	39.38	0.05141
5	41.25	0.2068
6.528	41.25	0.1462
8.394	41.25	0.1297
10.26	41.25	0.1076
12.12	41.25	0.1113
13.99	41.25	0.1448
15.85	41.25	0.1784
17.72	41.25	0.4393
19.59	41.25	0.2651
21.45	41.25	0.1937
23.32	41.25	0.1893
25.18	41.25	0.07408
27.05	41.25	0.0689
28.91	41.25	0.06564
30.78	41.25	0.03842
32.64	41.25	0.06315
34.51	41.25	0.075
36.37	41.25	0.0187
38.24	41.25	0.03916
5	43.13	0.1487
6.528	43.13	0.1554
8.394	43.13	0.1441
10.26	43.13	0.1414
12.12	43.13	0.2098
13.99	43.13	0.2184
15.85	43.13	0.1
17.72	43.13	0.1518
19.59	43.13	0.3357
21.45	43.13	0.2416
23.32	43.13	0.2105
25.18	43.13	0.1031
27.05	43.13	0.02965
28.91	43.13	0.0364
30.78	43.13	0.03909
32.64	43.13	0.07206
34.51	43.13	0.01266
36.37	43.13	0.0001518
38.24	43.13	0.01772
5	45	0.1333
6.528	45	0.142
8.394	45	0.1361
10.26	45	0.2402
12.12	45	0.2973
13.99	45	0.1941
15.85	45	0.1601
17.72	45	0.1662
19.59	45	0.2323
21.45	45	0.2247
23.32	45	0.325
25.18	45	0.1711
27.05	45	0.217
28.91	45	0.03422
30.78	45	0.325
32.64	45	0.08033
34.51	45	0.09155
36.37	45	0.1292
38.24	45	0.03933
5	46.88	0.1533
6.528	46.88	0.1624
8.394	46.88	0.2117
10.26	46.88	0.265
12.12	46.88	0.3507
13.99	46.88	0.224
15.85	46.88	0.1357
17.72	46.88	0.2755
19.59	46.88	0.2478
21.45	46.88	0.1458
23.32	46.88	0.2
25.18	46.88	0.2719
27.05	46.88	0.3325
28.91	46.88	0.41
30.78	46.88	0.1109
32.64	46.88	0.05
34.51	46.88	0.1637
36.37	46.88	0.1748
38.24	46.88	0.03275
5	48.75	0.1277
6.528	48.75	0.2086
8.394	48.75	0.2459
10.26	48.75	0.1792
12.12	48.75	0.2588
13.99	48.75	0.1537
15.85	48.75	0.1666
17.72	48.75	0.1482
19.59	48.75	0.2146
21.45	48.75	0.1823
23.32	48.75	0.2307
25.18	48.75	0.3423
27.05	48.75	0.3338
28.91	48.75	0.3847
30.78	48.75	0.07385
32.64	48.75	0.1213
34.51	48.75	0.02519
36.37	48.75	0.1
38.24	48.75	0.04217
5	50.63	0.2003
6.528	50.63	0.2423
8.394	50.63	0.1883
10.26	50.63	0.3551
12.12	50.63	0.2555
13.99	50.63	0.1535
15.85	50.63	0.183
17.72	50.63	0.1272
19.59	50.63	0.2319
21.45	50.63	0.3184
23.32	50.63	0.2381
25.18	50.63	0.2267
27.05	50.63	0.1924
28.91	50.63	0.1852
30.78	50.63	0.1486
32.64	50.63	0.05
34.51	50.63	0.03282
36.37	50.63	0.1
38.24	50.63	9.401e-005
5	52.5	0.15
6.528	52.5	0.1937
8.394	52.5	0.2939
10.26	52.5	0.2519
12.12	52.5	0.2979
13.99	52.5	0.2393
15.85	52.5	0.2759
17.72	52.5	0.2127
19.59	52.5	0.2251
21.45	52.5	0.2207
23.32	52.5	0.1158
25.18	52.5	0.2242
27.05	52.5	0.1066
28.91	52.5	0.02778
30.78	52.5	0.05086
32.64	52.5	0.05
34.51	52.5	0.02525
36.37	52.5	0.0521
38.24	52.5	1.211e-007
5	54.38	0.1493
6.528	54.38	0.2553
8.394	54.38	0.2452
10.26	54.38	0.2248
12.12	54.38	0.2603
13.99	54.38	0.2316
15.85	54.38	0.2154
17.72	54.38	0.24
19.59	54.38	0.06061
21.45	54.38	0.2191
23.32	54.38	0.1156
25.18	54.38	0.2241
27.05	54.38	0.2456
28.91	54.38	0.05279
30.78	54.38	0.02924
32.64	54.38	0.02929
34.51	54.38	0.1746
36.37	54.38	0.025
38.24	54.38	0.008096
5	56.25	0.1524
6.528	56.25	0.2999
8.394	56.25	0.2682
10.26	56.25	0.2512
12.12	56.25	0.2859
13.99	56.25	0.2584
15.85	56.25	0.2438
17.72	56.25	0.127
19.59	56.25	0.175
21.45	56.25	0.2105
23.32	56.25	0.1087
25.18	56.25	0.195
27.05	56.25	0.3375
28.91	56.25	0.03846
30.78	56.25	0.0302
32.64	56.25	0.05044
34.51	56.25	0.03442
36.37	56.25	0.02751
38.24	56.25	0.0458
5	58.13	0.1543
6.528	58.13	0.256
8.394	58.13	0.2902
10.26	58.13	0.2708
12.12	58.13	0.2265
13.99	58.13	0.2099
15.85	58.13	0.4465
17.72	58.13	0.15
19.59	58.13	0.1768
21.45	58.13	0.2002
23.32	58.13	0.2314
25.18	58.13	0.2489
27.05	58.13	0.1011
28.91	58.13	0.06088
30.78	58.13	0.0421
32.64	58.13	0.02632
34.51	58.13	0.05557
36.37	58.13	0.1136
38.24	58.13	0.1179
5	60	0.205
6.528	60	0.3248
8.394	60	0.2673
10.26	60	0.2166
12.12	60	0.261
13.99	60	0.2908
15.85	60	0.2409
17.72	60	0.1217
19.59	60	0.1492
21.45	60	0.2042
23.32	60	0.2348
25.18	60	0.4257
27.05	60	0.1201
28.91	60	0.02799
30.78	60	0.02774
32.64	60	0.025
34.51	60	0.1
36.37	60	0.03726
38.24	60	0.09834
5	61.88	0.1971
6.528	61.88	0.2624
8.394	61.88	0.3141
10.26	61.88	0.233
12.12	61.88	0.2435
13.99	61.88	0.2284
15.85	61.88	0.1045
17.72	61.88	0.1992
19.59	61.88	0.2248
21.45	61.88	0.1946
23.32	61.88	0.1989
25.18	61.88	0.7076
27.05	61.88	0.03157
28.91	61.88	0.02774
30.78	61.88	0.03536
32.64	61.88	0.0681
34.51	61.88	0.02982
36.37	61.88	0.05235
38.24	61.88	0.122
5	63.75	0.2042
6.528	63.75	0.3444
8.394	63.75	0.2366
10.26	63.75	0.2312
12.12	63.75	0.2001
13.99	63.75	0.2
15.85	63.75	0.204
17.72	63.75	0.2182
19.59	63.75	0.152
21.45	63.75	0.1286
23.32	63.75	0.2342
25.18	63.75	0.6896
27.05	63.75	0.02644
28.91	63.75	0.02607
30.78	63.75	0.02648
32.64	63.75	0.02805
34.51	63.75	0.05
36.37	63.75	0.03724
38.24	63.75	0.128
5	65.63	0.2543
6.528	65.63	0.2665
8.394	65.63	0.2605
10.26	65.63	0.025
12.12	65.63	0.1893
13.99	65.63	0.2182
15.85	65.63	0.1455
17.72	65.63	0.2037
19.59	65.63	0.1002
21.45	65.63	0.1499
23.32	65.63	0.1437
25.18	65.63	0.2919
27.05	65.63	0.03266
28.91	65.63	0.02839
30.78	65.63	0.025
32.64	65.63	0.03173
34.51	65.63	0.04124
36.37	65.63	0.02582
38.24	65.63	0.117
5	67.5	0.3013
6.528	67.5	0.2433
8.394	67.5	0.255
10.26	67.5	0.2695
12.12	67.5	0.03484
13.99	67.5	0.3013
15.85	67.5	0.5359
17.72	67.5	0.1039
19.59	67.5	0.1491
21.45	67.5	0.08666
23.32	67.5	0.4319
25.18	67.5	0.3658
27.05	67.5	0.02555
28.91	67.5	0.02541
30.78	67.5	0.04078
32.64	67.5	0.04003
34.51	67.5	0.02563
36.37	67.5	0.02741
38.24	67.5	0.09666
5	69.38	0.3265
6.528	69.38	0.1252
8.394	69.38	0.2922
10.26	69.38	0.101
12.12	69.38	0.08635
13.99	69.38	0.3714
15.85	69.38	0.1431
17.72	69.38	0.08931
19.59	69.38	0.312
21.45	69.38	0.2518
23.32	69.38	0.4441
25.18	69.38	0.1282
27.05	69.38	0.03089
28.91	69.38	0.03708
30.78	69.38	0.1268
32.64	69.38	0.1726
34.51	69.38	0.02844
36.37	69.38	0.05398
38.24	69.38	0.1004
5	71.25	0.205
6.528	71.25	0.2252
8.394	71.25	0.2038
10.26	71.25	0.03557
12.12	71.25	0.1809
13.99	71.25	0.3521
15.85	71.25	0.2306
17.72	71.25	0.3
19.59	71.25	0.3835
21.45	71.25	0.4567
23.32	71.25	0.2575
25.18	71.25	0.05034
27.05	71.25	0.1859
28.91	71.25	0.05
30.78	71.25	0.05
32.64	71.25	0.225
34.51	71.25	0.03565
36.37	71.25	0.1
38.24	71.25	0.06998
5	73.13	0.227
6.528	73.13	0.1765
8.394	73.13	0.025
10.26	73.13	0.1779
12.12	73.13	0.377
13.99	73.13	0.3652
15.85	73.13	0.3543
17.72	73.13	0.2276
19.59	73.13	0.5225
21.45	73.13	0.3839
23.32	73.13	0.2169
25.18	73.13	0.06063
27.05	73.13	0.1202
28.91	73.13	0.025
30.78	73.13	0.05397
32.64	73.13	0.02823
34.51	73.13	0.05476
36.37	73.13	0.1492
38.24	73.13	0.04387
5	75	0.1959
6.528	75	0.2561
8.394	75	0.2218
10.26	75	0.2703
12.12	75	1.058
13.99	75	0.3387
15.85	75	0.3779
17.72	75	0.3774
19.59	75	0.476
21.45	75	0.03111
23.32	75	0.1537
25.18	75	0.03912
27.05	75	0.05
28.91	75	0.02551
30.78	75	0.1331
32.64	75	0.07834
34.51	75	0.06027
36.37	75	0.2
38.24	75	0.03909
5	76.88	0.2793
6.528	76.88	0.1973
8.394	76.88	0.2546
10.26	76.88	0.278
12.12	76.88	0.2735
13.99	76.88	0.2687
15.85	76.88	0.2967
17.72	76.88	0.2978
19.59	76.88	0.05994
21.45	76.88	0.1934
23.32	76.88	0.1094
25.18	76.88	0.175
27.05	76.88	0.02617
28.91	76.88	0.05
30.78	76.88	0.4649
32.64	76.88	0.05835
34.51	76.88	0.2
36.37	76.88	0.1512
38.24	76.88	0.0512
5	78.75	0.2095
6.528	78.75	0.1553
8.394	78.75	0.1871
10.26	78.75	0.3066
12.12	78.75	0.267
13.99	78.75	0.2658
15.85	78.75	0.2219
17.72	78.75	0.09226
19.59	78.75	0.03591
21.45	78.75	0.03346
23.32	78.75	0.04559
25.18	78.75	0.03342
27.05	78.75	0.02606
28.91	78.75	0.4096
30.78	78.75	0.09104
32.64	78.75	0.113
34.51	78.75	0.1293
36.37	78.75	0.06049
38.24	78.75	0.133
5	80.63	0.1
6.528	80.63	0.1514
8.394	80.63	0.3734
10.26	80.63	0.2076
12.12	80.63	0.2697
13.99	80.63	0.1855
15.85	80.63	0.1973
17.72	80.63	0.02794
19.59	80.63	0.04894
21.45	80.63	0.0326
23.32	80.63	0.025
25.18	80.63	0.05345
27.05	80.63	0.1028
28.91	80.63	0.03697
30.78	80.63	0.03147
32.64	80.63	0.01004
34.51	80.63	0.06406
36.37	80.63	0.08296
38.24	80.63	0.1381
5	82.5	0.1335
6.528	82.5	0.1604
8.394	82.5	0.256
10.26	82.5	0.2427
12.12	82.5	0.313
13.99	82.5	0.1888
15.85	82.5	0.1409
17.72	82.5	0.0306
19.59	82.5	0.03332
21.45	82.5	0.1311
23.32	82.5	0.05
25.18	82.5	0.06912
27.05	82.5	0.3335
28.91	82.5	0.007849
30.78	82.5	0.02325
32.64	82.5	0.0101
34.51	82.5	1.936e-008
36.37	82.5	0.01351
38.24	82.5	0.05943
5	84.38	0.2224
6.528	84.38	0.2808
8.394	84.38	0.2204
10.26	84.38	0.2798
12.12	84.38	0.1219
13.99	84.38	0.2
15.85	84.38	0.1622
17.72	84.38	0.03582
19.59	84.38	0.1041
21.45	84.38	0.2181
23.32	84.38	0.1
25.18	84.38	0.4128
27.05	84.38	0.04148
28.91	84.38	0.002694
30.78	84.38	1.99e-008
32.64	84.38	2.264e-010
34.51	84.38	0.01179
36.37	84.38	0.01506
38.24	84.38	0.04655
5	86.25	0.1545
6.528	86.25	0.1412
8.394	86.25	0.1706
10.26	86.25	0.1863
12.12	86.25	0.1345
13.99	86.25	0.1828
15.85	86.25	0.2058
17.72	86.25	0.04606
19.59	86.25	0.1381
21.45	86.25	0.925
23.32	86.25	0.421
25.18	86.25	0.1962
27.05	86.25	0.01135
28.91	86.25	0.0003023
30.78	86.25	0.0002168
32.64	86.25	0.0002763
34.51	86.25	0.01193
36.37	86.25	0.01995
38.24	86.25	0.01979
5	88.13	0.1222
6.528	88.13	0.2477
8.394	88.13	0.2222
10.26	88.13	0.3365
12.12	88.13	0.335
13.99	88.13	0.02708
15.85	88.13	0.1052
17.72	88.13	0.02901
19.59	88.13	0.08774
21.45	88.13	0.2056
23.32	88.13	0.1884
25.18	88.13	0.1104
27.05	88.13	0.03364
28.91	88.13	1.076e-008
30.78	88.13	5.217e-009
32.64	88.13	3.573e-009
34.51	88.13	2.936e-008
36.37	88.13	1.25e-007
38.24	88.13	0.002528
5	90	0.1425
6.528	90	0.3098
8.394	90	0.183
10.26	90	0.025
12.12	90	0.05338
13.99	90	0.1774
15.85	90	0.07135
17.72	90	0.05
19.59	90	0.1307
21.45	90	0.1548
23.32	90	0.1434
25.18	90	0.1062
27.05	90	0.05907
28.91	90	0.0004512
30.78	90	1.027e-005
32.64	90	0.01133
34.51	90	0.0001215
36.37	90	0.05469
38.24	90	0.07496
5	91.88	0.2781
6.528	91.88	0.1275
8.394	91.88	0.2041
10.26	91.88	0.05
12.12	91.88	0.08176
13.99	91.88	0.225
15.85	91.88	0.1594
17.72	91.88	0.07935
19.59	91.88	0.07327
21.45	91.88	0.08407
23.32	91.88	0.05967
25.18	91.88	0.1126
27.05	91.88	0.172
28.91	91.88	0.02629
30.78	91.88	9.367e-005
32.64	91.88	0.02426
34.51	91.88	9.664e-007
36.37	91.88	4.463e-008
38.24	91.88	0.03123
5	93.75	0.1564
6.528	93.75	0.3832
8.394	93.75	0.1
10.26	93.75	0.3319
12.12	93.75	0.16
13.99	93.75	0.0648
15.85	93.75	3.991e-007
17.72	93.75	0.0142
19.59	93.75	0.04525
21.45	93.75	0.06766
23.32	93.75	0.1083
25.18	93.75	0.117
27.05	93.75	0.1478
28.91	93.75	0.02994
30.78	93.75	0.0002636
32.64	93.75	1.127e-008
34.51	93.75	0.001041
36.37	93.75	0.03178
38.24	93.75	0.04018
5	95.63	0.4047
6.528	95.63	0.225
8.394	95.63	0.2688
10.26	95.63	0.2328
12.12	95.63	0.1358
13.99	95.63	0.09861
15.85	95.63	0.09505
17.72	95.63	0.04347
19.59	95.63	0.11
21.45	95.63	0.1494
23.32	95.63	0.1511
25.18	95.63	0.1581
27.05	95.63	0.2187
28.91	95.63	0.05173
30.78	95.63	0.001995
32.64	95.63	0.01274
34.51	95.63	0.02527
36.37	95.63	0.03665
38.24	95.63	0.03368
5	97.5	0.222
6.528	97.5	0.1531
8.394	97.5	0.287
10.26	97.5	0.1687
12.12	97.5	0.1403
13.99	97.5	0.1021
15.85	97.5	0.07744
17.72	97.5	0.05635
19.59	97.5	0.03412
21.45	97.5	0.07716
23.32	97.5	0.08643
25.18	97.5	0.09045
27.05	97.5	0.118
28.91	97.5	0.08839
30.78	97.5	0.0295
32.64	97.5	0.04411
34.51	97.5	0.03226
36.37	97.5	0.0345
38.24	97.5	0.03392
5	99.38	0.3169
6.528	99.38	0.1358
8.394	99.38	0.1639
10.26	99.38	0.0859
12.12	99.38	0.09374
13.99	99.38	0.07592
15.85	99.38	0.05141
17.72	99.38	0.1016
19.59	99.38	0.1446
21.45	99.38	0.1147
23.32	99.38	0.1157
25.18	99.38	0.1038
27.05	99.38	0.0917
28.91	99.38	0.05042
30.78	99.38	0.03166
32.64	99.38	0.03115
34.51	99.38	0.01819
36.37	99.38	0.01382
38.24	99.38	0.02243
5	101.3	0.1341
6.528	101.3	0.1399
8.394	101.3	0.126
10.26	101.3	0.09955
12.12	101.3	0.09326
13.99	101.3	0.1139
15.85	101.3	0.1202
17.72	101.3	0.1586
19.59	101.3	0.2394
21.45	101.3	0.1851
23.32	101.3	0.1421
25.18	101.3	0.1011
27.05	101.3	0.07443
28.91	101.3	0.04494
30.78	101.3	0.02657
32.64	101.3	0.02207
34.51	101.3	0.01699
36.37	101.3	0.01599
38.24	101.3	0.02655
5	103.1	0.1327
6.528	103.1	0.1297
8.394	103.1	0.1778
10.26	103.1	0.163
12.12	103.1	0.1645
13.99	103.1	0.1497
15.85	103.1	0.1912
17.72	103.1	0.2009
19.59	103.1	0.2798
21.45	103.1	0.2958
23.32	103.1	0.2134
25.18	103.1	0.1817
27.05	103.1	0.169
28.91	103.1	0.3176
30.78	103.1	0.2312
32.64	103.1	0.04473
34.51	103.1	0.0196
36.37	103.1	0.02524
38.24	103.1	0.04364
5	105	0.1278
6.528	105	0.1803
8.394	105	0.1741
10.26	105	0.189
12.12	105	0.1533
13.99	105	0.1696
15.85	105	0.2181
17.72	105	0.2567
19.59	105	0.2742
21.45	105	0.2553
23.32	105	0.2442
25.18	105	0.2656
27.05	105	0.41
28.91	105	0.6421
30.78	105	0.5911
32.64	105	0.2117
34.51	105	0.04311
36.37	105	0.02538
38.24	105	0.04512
5	106.9	0.09799
6.528	106.9	0.168
8.394	106.9	0.166
10.26	106.9	0.1564
12.12	106.9	0.1602
13.99	106.9	0.2012
15.85	106.9	0.2637
17.72	106.9	0.375
19.59	106.9	0.3227
21.45	106.9	0.2382
23.32	106.9	0.2765
25.18	106.9	0.2715
27.05	106.9	0.3435
28.91	106.9	0.4777
30.78	106.9	0.4022
32.64	106.9	0.2193
34.51	106.9	0.1
36.37	106.9	0.07951
38.24	106.9	0.09078
5	108.8	0.06078
6.528	108.8	0.1185
8.394	108.8	0.1753
10.26	108.8	0.1813
12.12	108.8	0.1665
13.99	108.8	0.206
15.85	108.8	0.3035
17.72	108.8	0.3944
19.59	108.8	0.3087
21.45	108.8	0.2023
23.32	108.8	0.2234
25.18	108.8	0.2621
27.05	108.8	0.2908
28.91	108.8	0.3291
30.78	108.8	0.3045
32.64	108.8	0.2229
34.51	108.8	0.1957
36.37	108.8	0.1423
38.24	108.8	0.1105
5	110.6	0.04297
6.528	110.6	0.05545
8.394	110.6	0.1114
10.26	110.6	0.1823
12.12	110.6	0.179
13.99	110.6	0.1854
15.85	110.6	0.2297
17.72	110.6	0.3028
19.59	110.6	0.2573
21.45	110.6	0.1753
23.32	110.6	0.1804
25.18	110.6	0.2606
27.05	110.6	0.3336
28.91	110.6	0.3961
30.78	110.6	0.3583
32.64	110.6	0.2791
34.51	110.6	0.2097
36.37	110.6	0.1728
38.24	110.6	0.1067
5	112.5	0.03687
6.528	112.5	0.04868
8.394	112.5	0.05677
10.26	112.5	0.08997
12.12	112.5	0.1362
13.99	112.5	0.1491
15.85	112.5	0.1726
17.72	112.5	0.2572
19.59	112.5	0.3297
21.45	112.5	0.2105
23.32	112.5	0.1592
25.18	112.5	0.2315
27.05	112.5	0.2871
28.91	112.5	0.3743
30.78	112.5	0.3299
32.64	112.5	0.3062
34.51	112.5	0.2398
36.37	112.5	0.226
38.24	112.5	0.1172
5	114.4	0.024
6.528	114.4	0.04223
8.394	114.4	0.02608
10.26	114.4	0.03339
12.12	114.4	0.07623
13.99	114.4	0.1298
15.85	114.4	0.1499
17.72	114.4	0.2466
19.59	114.4	0.3258
21.45	114.4	0.229
23.32	114.4	0.1465
25.18	114.4	0.2112
27.05	114.4	0.2462
28.91	114.4	0.2871
30.78	114.4	0.2495
32.64	114.4	0.2438
34.51	114.4	0.05
36.37	114.4	0.2021
38.24	114.4	0.129
5	116.3	0.03294
6.528	116.3	0.02448
8.394	116.3	0.03803
10.26	116.3	0.03958
12.12	116.3	0.07352
13.99	116.3	0.1373
15.85	116.3	0.1765
17.72	116.3	0.2464
19.59	116.3	0.3049
21.45	116.3	0.2759
23.32	116.3	0.1569
25.18	116.3	0.2013
27.05	116.3	0.258
28.91	116.3	0.215
30.78	116.3	0.1808
32.64	116.3	0.0268
34.51	116.3	0.03587
36.37	116.3	0.1598
38.24	116.3	0.1653
5	118.1	0.02513
6.528	118.1	0.01735
8.394	118.1	0.03097
10.26	118.1	0.03384
12.12	118.1	0.03703
13.99	118.1	0.08465
15.85	118.1	0.1242
17.72	118.1	0.193
19.59	118.1	0.2968
21.45	118.1	0.281
23.32	118.1	0.2493
25.18	118.1	0.1981
27.05	118.1	0.2358
28.91	118.1	0.2327
30.78	118.1	0.0297
32.64	118.1	0.03106
34.51	118.1	0.03372
36.37	118.1	0.1365
38.24	118.1	0.1544
