4.663	30	0.06395
6.528	30	0.06017
8.394	30	0.05839
10.26	30	0.05364
12.12	30	0.04852
13.99	30	0.04728
15.85	30	0.04399
17.72	30	0.04324
19.59	30	0.03966
21.45	30	0.02337
23.32	30	0.01528
25.18	30	0.01566
27.05	30	0.01755
28.91	30	0.02018
30.78	30	0.01967
32.64	30	0.01843
34.51	30	0.01147
36.37	30	0.005405
38.24	30	0.00457
4.663	31.88	0.06133
6.528	31.88	0.05395
8.394	31.88	0.05154
10.26	31.88	0.04941
12.12	31.88	0.04493
13.99	31.88	0.03855
15.85	31.88	0.03645
17.72	31.88	0.02599
19.59	31.88	0.01741
21.45	31.88	0.01093
23.32	31.88	0.01176
25.18	31.88	0.01198
27.05	31.88	0.01273
28.91	31.88	0.01529
30.78	31.88	0.01734
32.64	31.88	0.01613
34.51	31.88	0.01016
36.37	31.88	0.004409
38.24	31.88	0.003688
4.663	33.75	0.06056
6.528	33.75	0.05529
8.394	33.75	0.05373
10.26	33.75	0.04986
12.12	33.75	0.04705
13.99	33.75	0.03529
15.85	33.75	0.02742
17.72	33.75	0.02058
19.59	33.75	0.01194
21.45	33.75	0.009651
23.32	33.75	0.01065
25.18	33.75	0.01114
27.05	33.75	0.009424
28.91	33.75	0.01233
30.78	33.75	0.01432
32.64	33.75	0.01219
34.51	33.75	0.007387
36.37	33.75	0.003268
38.24	33.75	0.003459
4.663	35.63	0.05932
6.528	35.63	0.04785
8.394	35.63	0.04377
10.26	35.63	0.04288
12.12	35.63	0.04477
13.99	35.63	0.03937
15.85	35.63	0.02784
17.72	35.63	0.02144
19.59	35.63	0.01464
21.45	35.63	0.01262
23.32	35.63	0.01404
25.18	35.63	0.01411
27.05	35.63	0.008954
28.91	35.63	0.008373
30.78	35.63	0.008836
32.64	35.63	0.007848
34.51	35.63	0.00592
36.37	35.63	0.003112
38.24	35.63	0.002827
4.663	37.5	0.06422
6.528	37.5	0.03864
8.394	37.5	0.02558
10.26	37.5	0.02948
12.12	37.5	0.04201
13.99	37.5	0.06129
15.85	37.5	0.05386
17.72	37.5	0.03741
19.59	37.5	0.0281
21.45	37.5	0.02017
23.32	37.5	0.01808
25.18	37.5	0.01082
27.05	37.5	0.00771
28.91	37.5	0.008867
30.78	37.5	0.007731
32.64	37.5	0.005598
34.51	37.5	0.004267
36.37	37.5	0.002815
38.24	37.5	0.002431
4.663	39.38	0.0677
6.528	39.38	0.04062
8.394	39.38	0.03258
10.26	39.38	0.03526
12.12	39.38	0.05503
13.99	39.38	0.0826
15.85	39.38	0.07481
17.72	39.38	0.05463
19.59	39.38	0.03415
21.45	39.38	0.02474
23.32	39.38	0.02312
25.18	39.38	0.01695
27.05	39.38	0.01368
28.91	39.38	0.01875
30.78	39.38	0.01364
32.64	39.38	0.00604
34.51	39.38	0.003996
36.37	39.38	0.002411
38.24	39.38	0.00174
4.663	41.25	0.06139
6.528	41.25	0.03578
8.394	41.25	0.02689
10.26	41.25	0.03144
12.12	41.25	0.05259
13.99	41.25	0.07762
15.85	41.25	0.07658
17.72	41.25	0.06165
19.59	41.25	0.04569
21.45	41.25	0.0443
23.32	41.25	0.05022
25.18	41.25	0.03747
27.05	41.25	0.02877
28.91	41.25	0.05279
30.78	41.25	0.02682
32.64	41.25	0.01195
34.51	41.25	0.005548
36.37	41.25	0.002701
38.24	41.25	0.00157
4.663	43.13	0.05702
6.528	43.13	0.04312
8.394	43.13	0.03336
10.26	43.13	0.03732
12.12	43.13	0.05846
13.99	43.13	0.08564
15.85	43.13	0.07763
17.72	43.13	0.08745
19.59	43.13	0.111
21.45	43.13	0.1043
23.32	43.13	0.08805
25.18	43.13	0.06518
27.05	43.13	0.04679
28.91	43.13	0.06841
30.78	43.13	0.03382
32.64	43.13	0.01571
34.51	43.13	0.009381
36.37	43.13	0.003928
38.24	43.13	0.001765
4.663	45	0.05189
6.528	45	0.04607
8.394	45	0.03278
10.26	45	0.04265
12.12	45	0.07564
13.99	45	0.1153
15.85	45	0.1272
17.72	45	0.1704
19.59	45	0.2188
21.45	45	0.1981
23.32	45	0.1461
25.18	45	0.09798
27.05	45	0.06937
28.91	45	0.08188
30.78	45	0.0404
32.64	45	0.02271
34.51	45	0.009839
36.37	45	0.004686
38.24	45	0.002212
4.663	46.88	0.05356
6.528	46.88	0.05171
8.394	46.88	0.0377
10.26	46.88	0.04626
12.12	46.88	0.08439
13.99	46.88	0.1388
15.85	46.88	0.1743
17.72	46.88	0.2314
19.59	46.88	0.2649
21.45	46.88	0.228
23.32	46.88	0.1734
25.18	46.88	0.1175
27.05	46.88	0.1003
28.91	46.88	0.105
30.78	46.88	0.05953
32.64	46.88	0.02788
34.51	46.88	0.01148
36.37	46.88	0.004632
38.24	46.88	0.002377
4.663	48.75	0.06306
6.528	48.75	0.06196
8.394	48.75	0.05485
10.26	48.75	0.05717
12.12	48.75	0.08265
13.99	48.75	0.1243
15.85	48.75	0.1658
17.72	48.75	0.1943
19.59	48.75	0.2411
21.45	48.75	0.2447
23.32	48.75	0.1961
25.18	48.75	0.1579
27.05	48.75	0.1425
28.91	48.75	0.1198
30.78	48.75	0.07022
32.64	48.75	0.03307
34.51	48.75	0.01129
36.37	48.75	0.003433
38.24	48.75	0.002832
4.663	50.63	0.05211
6.528	50.63	0.07375
8.394	50.63	0.08007
10.26	50.63	0.08201
12.12	50.63	0.09197
13.99	50.63	0.09455
15.85	50.63	0.1049
17.72	50.63	0.1328
19.59	50.63	0.1842
21.45	50.63	0.2285
23.32	50.63	0.2068
25.18	50.63	0.1712
27.05	50.63	0.1277
28.91	50.63	0.08758
30.78	50.63	0.04929
32.64	50.63	0.02362
34.51	50.63	0.01157
36.37	50.63	0.004307
38.24	50.63	0.005346
4.663	52.5	0.03357
6.528	52.5	0.06868
8.394	52.5	0.1074
10.26	52.5	0.1122
12.12	52.5	0.1038
13.99	52.5	0.08628
15.85	52.5	0.08288
17.72	52.5	0.08903
19.59	52.5	0.1193
21.45	52.5	0.1772
23.32	52.5	0.2085
25.18	52.5	0.1644
27.05	52.5	0.09282
28.91	52.5	0.05403
30.78	52.5	0.03353
32.64	52.5	0.0203
34.51	52.5	0.02072
36.37	52.5	0.007196
38.24	52.5	0.008999
4.663	54.38	0.01573
6.528	54.38	0.04214
8.394	54.38	0.08765
10.26	54.38	0.1139
12.12	54.38	0.1018
13.99	54.38	0.07793
15.85	54.38	0.07217
17.72	54.38	0.07049
19.59	54.38	0.08444
21.45	54.38	0.1059
23.32	54.38	0.1343
25.18	54.38	0.1253
27.05	54.38	0.07152
28.91	54.38	0.03828
30.78	54.38	0.02463
32.64	54.38	0.02503
34.51	54.38	0.02558
36.37	54.38	0.01141
38.24	54.38	0.007344
4.663	56.25	0.01156
6.528	56.25	0.02822
8.394	56.25	0.06239
10.26	56.25	0.09346
12.12	56.25	0.09443
13.99	56.25	0.08274
15.85	56.25	0.07618
17.72	56.25	0.06744
19.59	56.25	0.06401
21.45	56.25	0.07164
23.32	56.25	0.0964
25.18	56.25	0.1023
27.05	56.25	0.05318
28.91	56.25	0.03382
30.78	56.25	0.02864
32.64	56.25	0.03103
34.51	56.25	0.02394
36.37	56.25	0.01086
38.24	56.25	0.006244
4.663	58.13	0.00964
6.528	58.13	0.02303
8.394	58.13	0.05368
10.26	58.13	0.07994
12.12	58.13	0.07333
13.99	58.13	0.06877
15.85	58.13	0.06956
17.72	58.13	0.06424
19.59	58.13	0.05457
21.45	58.13	0.05491
23.32	58.13	0.07318
25.18	58.13	0.08334
27.05	58.13	0.04595
28.91	58.13	0.03542
30.78	58.13	0.03419
32.64	58.13	0.03271
34.51	58.13	0.02228
36.37	58.13	0.01263
38.24	58.13	0.007581
4.663	60	0.007388
6.528	60	0.02093
8.394	60	0.04913
10.26	60	0.07096
12.12	60	0.06046
13.99	60	0.05454
15.85	60	0.05507
17.72	60	0.05387
19.59	60	0.04846
21.45	60	0.05487
23.32	60	0.06458
25.18	60	0.0619
27.05	60	0.03655
28.91	60	0.03539
30.78	60	0.03591
32.64	60	0.03594
34.51	60	0.0236
36.37	60	0.01618
38.24	60	0.0101
4.663	61.88	0.006678
6.528	61.88	0.0182
8.394	61.88	0.03657
10.26	61.88	0.05831
12.12	61.88	0.05272
13.99	61.88	0.04796
15.85	61.88	0.04609
17.72	61.88	0.04309
19.59	61.88	0.04339
21.45	61.88	0.05056
23.32	61.88	0.05674
25.18	61.88	0.0456
27.05	61.88	0.0317
28.91	61.88	0.03562
30.78	61.88	0.03786
32.64	61.88	0.03644
34.51	61.88	0.02811
36.37	61.88	0.02216
38.24	61.88	0.01128
4.663	63.75	0.00815
6.528	63.75	0.0175
8.394	63.75	0.02874
10.26	63.75	0.04683
12.12	63.75	0.04555
13.99	63.75	0.04092
15.85	63.75	0.03417
17.72	63.75	0.03332
19.59	63.75	0.03656
21.45	63.75	0.04276
23.32	63.75	0.04548
25.18	63.75	0.03654
27.05	63.75	0.02838
28.91	63.75	0.03339
30.78	63.75	0.03285
32.64	63.75	0.02984
34.51	63.75	0.02484
36.37	63.75	0.02519
38.24	63.75	0.01332
4.663	65.63	0.00873
6.528	65.63	0.01579
8.394	65.63	0.02534
10.26	65.63	0.03409
12.12	65.63	0.03297
13.99	65.63	0.0313
15.85	65.63	0.02498
17.72	65.63	0.0241
19.59	65.63	0.02807
21.45	65.63	0.03086
23.32	65.63	0.03273
25.18	65.63	0.02783
27.05	65.63	0.02512
28.91	65.63	0.02537
30.78	65.63	0.02039
32.64	65.63	0.02068
34.51	65.63	0.01814
36.37	65.63	0.0241
38.24	65.63	0.01497
4.663	67.5	0.01053
6.528	67.5	0.01687
8.394	67.5	0.02345
10.26	67.5	0.02519
12.12	67.5	0.02426
13.99	67.5	0.02279
15.85	67.5	0.01957
17.72	67.5	0.01736
19.59	67.5	0.0198
21.45	67.5	0.02072
23.32	67.5	0.02283
25.18	67.5	0.02226
27.05	67.5	0.02142
28.91	67.5	0.01918
30.78	67.5	0.01334
32.64	67.5	0.01435
34.51	67.5	0.01639
36.37	67.5	0.02065
38.24	67.5	0.01768
4.663	69.38	0.01376
6.528	69.38	0.01908
8.394	69.38	0.0212
10.26	69.38	0.02184
12.12	69.38	0.01828
13.99	69.38	0.01551
15.85	69.38	0.01297
17.72	69.38	0.01134
19.59	69.38	0.0101
21.45	69.38	0.01127
23.32	69.38	0.01452
25.18	69.38	0.01772
27.05	69.38	0.01793
28.91	69.38	0.01523
30.78	69.38	0.01206
32.64	69.38	0.01218
34.51	69.38	0.01177
36.37	69.38	0.01543
38.24	69.38	0.01296
4.663	71.25	0.01356
6.528	71.25	0.01907
8.394	71.25	0.02201
10.26	71.25	0.01955
12.12	71.25	0.01261
13.99	71.25	0.009279
15.85	71.25	0.007391
17.72	71.25	0.006246
19.59	71.25	0.005508
21.45	71.25	0.006013
23.32	71.25	0.009625
25.18	71.25	0.0133
27.05	71.25	0.01519
28.91	71.25	0.01284
30.78	71.25	0.01176
32.64	71.25	0.01005
34.51	71.25	0.01054
36.37	71.25	0.008974
38.24	71.25	0.00499
4.663	73.13	0.01474
6.528	73.13	0.02064
8.394	73.13	0.02604
10.26	73.13	0.01739
12.12	73.13	0.009472
13.99	73.13	0.006764
15.85	73.13	0.004726
17.72	73.13	0.00378
19.59	73.13	0.003309
21.45	73.13	0.004473
23.32	73.13	0.006962
25.18	73.13	0.009778
27.05	73.13	0.01136
28.91	73.13	0.01105
30.78	73.13	0.0113
32.64	73.13	0.01101
34.51	73.13	0.008667
36.37	73.13	0.004311
38.24	73.13	0.00276
4.663	75	0.01753
6.528	75	0.02501
8.394	75	0.02733
10.26	75	0.01629
12.12	75	0.008441
13.99	75	0.006011
15.85	75	0.003922
17.72	75	0.003013
19.59	75	0.002884
21.45	75	0.003631
23.32	75	0.005715
25.18	75	0.008172
27.05	75	0.009374
28.91	75	0.009863
30.78	75	0.009063
32.64	75	0.007155
34.51	75	0.005204
36.37	75	0.003054
38.24	75	0.002469
4.663	76.88	0.01688
6.528	76.88	0.02538
8.394	76.88	0.02969
10.26	76.88	0.01983
12.12	76.88	0.01134
13.99	76.88	0.007812
15.85	76.88	0.004211
17.72	76.88	0.003032
19.59	76.88	0.002919
21.45	76.88	0.003413
23.32	76.88	0.004715
25.18	76.88	0.006768
27.05	76.88	0.008923
28.91	76.88	0.009016
30.78	76.88	0.005899
32.64	76.88	0.003434
34.51	76.88	0.002555
36.37	76.88	0.002772
38.24	76.88	0.01154
4.663	78.75	0.01193
6.528	78.75	0.02321
8.394	78.75	0.03966
10.26	78.75	0.03153
12.12	78.75	0.01854
13.99	78.75	0.01077
15.85	78.75	0.00464
17.72	78.75	0.003464
19.59	78.75	0.003358
21.45	78.75	0.003526
23.32	78.75	0.004072
25.18	78.75	0.006064
27.05	78.75	0.008315
28.91	78.75	0.006752
30.78	78.75	0.003857
32.64	78.75	0.001664
34.51	78.75	0.001557
36.37	78.75	0.003344
38.24	78.75	0.03467
4.663	80.63	0.009664
6.528	80.63	0.02064
8.394	80.63	0.04588
10.26	80.63	0.05425
12.12	80.63	0.03192
13.99	80.63	0.01509
15.85	80.63	0.005947
17.72	80.63	0.003952
19.59	80.63	0.00357
21.45	80.63	0.003345
23.32	80.63	0.003842
25.18	80.63	0.005955
27.05	80.63	0.007233
28.91	80.63	0.004313
30.78	80.63	0.002171
32.64	80.63	0.0009639
34.51	80.63	0.001349
36.37	80.63	0.007952
38.24	80.63	0.03381
4.663	82.5	0.01205
6.528	82.5	0.01576
8.394	82.5	0.03743
10.26	82.5	0.06593
12.12	82.5	0.04191
13.99	82.5	0.02107
15.85	82.5	0.008706
17.72	82.5	0.004561
19.59	82.5	0.003563
21.45	82.5	0.003125
23.32	82.5	0.003914
25.18	82.5	0.005853
27.05	82.5	0.005471
28.91	82.5	0.002732
30.78	82.5	0.001313
32.64	82.5	0.006862
34.51	82.5	0.002582
36.37	82.5	0.006872
38.24	82.5	0.01638
4.663	84.38	0.01518
6.528	84.38	0.02221
8.394	84.38	0.04048
10.26	84.38	0.06351
12.12	84.38	0.03989
13.99	84.38	0.02373
15.85	84.38	0.01168
17.72	84.38	0.005888
19.59	84.38	0.003456
21.45	84.38	0.003023
23.32	84.38	0.003892
25.18	84.38	0.005264
27.05	84.38	0.003774
28.91	84.38	0.001658
30.78	84.38	0.0009703
32.64	84.38	0.0165
34.51	84.38	0.005696
36.37	84.38	0.004384
38.24	84.38	0.01323
4.663	86.25	0.011
6.528	86.25	0.02136
8.394	86.25	0.04287
10.26	86.25	0.05564
12.12	86.25	0.03798
13.99	86.25	0.02364
15.85	86.25	0.01302
17.72	86.25	0.006952
19.59	86.25	0.004044
21.45	86.25	0.003373
23.32	86.25	0.004085
25.18	86.25	0.004795
27.05	86.25	0.002857
28.91	86.25	0.001233
30.78	86.25	0.001286
32.64	86.25	0.01944
34.51	86.25	0.007934
36.37	86.25	0.00342
38.24	86.25	0.008417
4.663	88.13	0.00926
6.528	88.13	0.02019
8.394	88.13	0.04008
10.26	88.13	0.05504
12.12	88.13	0.03912
13.99	88.13	0.02433
15.85	88.13	0.01317
17.72	88.13	0.007537
19.59	88.13	0.004606
21.45	88.13	0.003999
23.32	88.13	0.004268
25.18	88.13	0.004438
27.05	88.13	0.002719
28.91	88.13	0.001142
30.78	88.13	0.001859
32.64	88.13	0.01872
34.51	88.13	0.009094
36.37	88.13	0.003476
38.24	88.13	0.007115
4.663	90	0.0108
6.528	90	0.02352
8.394	90	0.03875
10.26	90	0.04867
12.12	90	0.03648
13.99	90	0.02308
15.85	90	0.01227
17.72	90	0.007059
19.59	90	0.004791
21.45	90	0.004533
23.32	90	0.004336
25.18	90	0.004
27.05	90	0.00334
28.91	90	0.001448
30.78	90	0.002753
32.64	90	0.01912
34.51	90	0.009796
36.37	90	0.004378
38.24	90	0.006027
4.663	91.88	0.009103
6.528	91.88	0.02271
8.394	91.88	0.03779
10.26	91.88	0.04123
12.12	91.88	0.03258
13.99	91.88	0.02029
15.85	91.88	0.01043
17.72	91.88	0.006044
19.59	91.88	0.004456
21.45	91.88	0.004153
23.32	91.88	0.003784
25.18	91.88	0.003666
27.05	91.88	0.004182
28.91	91.88	0.002004
30.78	91.88	0.003535
32.64	91.88	0.01724
34.51	91.88	0.0105
36.37	91.88	0.005571
38.24	91.88	0.006905
4.663	93.75	0.0071
6.528	93.75	0.02075
8.394	93.75	0.03889
10.26	93.75	0.0423
12.12	93.75	0.03076
13.99	93.75	0.01895
15.85	93.75	0.008897
17.72	93.75	0.00476
19.59	93.75	0.003414
21.45	93.75	0.003908
23.32	93.75	0.00369
25.18	93.75	0.003751
27.05	93.75	0.005263
28.91	93.75	0.002621
30.78	93.75	0.004176
32.64	93.75	0.0152
34.51	93.75	0.01063
36.37	93.75	0.006689
38.24	93.75	0.0059
4.663	95.63	0.008458
6.528	95.63	0.01981
8.394	95.63	0.03944
10.26	95.63	0.03485
12.12	95.63	0.02372
13.99	95.63	0.01677
15.85	95.63	0.01044
17.72	95.63	0.00523
19.59	95.63	0.003477
21.45	95.63	0.003851
23.32	95.63	0.00387
25.18	95.63	0.00398
27.05	95.63	0.005614
28.91	95.63	0.003201
30.78	95.63	0.00459
32.64	95.63	0.01392
34.51	95.63	0.01143
36.37	95.63	0.006737
38.24	95.63	0.004159
4.663	97.5	0.01623
6.528	97.5	0.02186
8.394	97.5	0.03711
10.26	97.5	0.02656
12.12	97.5	0.01901
13.99	97.5	0.01586
15.85	97.5	0.0128
17.72	97.5	0.009108
19.59	97.5	0.005331
21.45	97.5	0.004482
23.32	97.5	0.004245
25.18	97.5	0.003455
27.05	97.5	0.004172
28.91	97.5	0.00313
30.78	97.5	0.004531
32.64	97.5	0.01329
34.51	97.5	0.01147
36.37	97.5	0.006026
38.24	97.5	0.003588
4.663	99.38	0.02135
6.528	99.38	0.02944
8.394	99.38	0.04403
10.26	99.38	0.02861
12.12	99.38	0.02153
13.99	99.38	0.01936
15.85	99.38	0.016
17.72	99.38	0.01493
19.59	99.38	0.01026
21.45	99.38	0.006323
23.32	99.38	0.004553
25.18	99.38	0.003208
27.05	99.38	0.002988
28.91	99.38	0.002499
30.78	99.38	0.004215
32.64	99.38	0.01248
34.51	99.38	0.00925
36.37	99.38	0.005228
38.24	99.38	0.003988
4.663	101.3	0.03809
6.528	101.3	0.04639
8.394	101.3	0.04869
10.26	101.3	0.03503
12.12	101.3	0.0275
13.99	101.3	0.02493
15.85	101.3	0.02251
17.72	101.3	0.01934
19.59	101.3	0.017
21.45	101.3	0.01049
23.32	101.3	0.006025
25.18	101.3	0.003432
27.05	101.3	0.002775
28.91	101.3	0.002848
30.78	101.3	0.004934
32.64	101.3	0.01178
34.51	101.3	0.007389
36.37	101.3	0.00531
38.24	101.3	0.005681
4.663	103.1	0.03862
6.528	103.1	0.04453
8.394	103.1	0.04806
10.26	103.1	0.03409
12.12	103.1	0.03219
13.99	103.1	0.032
15.85	103.1	0.03218
17.72	103.1	0.02781
19.59	103.1	0.02351
21.45	103.1	0.01666
23.32	103.1	0.009368
25.18	103.1	0.005471
27.05	103.1	0.003586
28.91	103.1	0.004166
30.78	103.1	0.006029
32.64	103.1	0.01122
34.51	103.1	0.006997
36.37	103.1	0.006116
38.24	103.1	0.004266
4.663	105	0.04384
6.528	105	0.0634
8.394	105	0.04845
10.26	105	0.04097
12.12	105	0.03676
13.99	105	0.03991
15.85	105	0.04701
17.72	105	0.04662
19.59	105	0.03137
21.45	105	0.01973
23.32	105	0.01272
25.18	105	0.009021
27.05	105	0.00686
28.91	105	0.008822
30.78	105	0.01144
32.64	105	0.01156
34.51	105	0.006285
36.37	105	0.005443
38.24	105	0.004669
4.663	106.9	0.04097
6.528	106.9	0.07439
8.394	106.9	0.06574
10.26	106.9	0.04799
12.12	106.9	0.04735
13.99	106.9	0.05655
15.85	106.9	0.07189
17.72	106.9	0.07889
19.59	106.9	0.0453
21.45	106.9	0.02291
23.32	106.9	0.01876
25.18	106.9	0.01085
27.05	106.9	0.008408
28.91	106.9	0.009867
30.78	106.9	0.01242
32.64	106.9	0.01384
34.51	106.9	0.00769
36.37	106.9	0.005327
38.24	106.9	0.004924
4.663	108.8	0.01913
6.528	108.8	0.05459
8.394	108.8	0.0817
10.26	108.8	0.07425
12.12	108.8	0.0663
13.99	108.8	0.07852
15.85	108.8	0.1081
17.72	108.8	0.1074
19.59	108.8	0.05027
21.45	108.8	0.0212
23.32	108.8	0.01862
25.18	108.8	0.01538
27.05	108.8	0.009558
28.91	108.8	0.009776
30.78	108.8	0.01075
32.64	108.8	0.01436
34.51	108.8	0.009605
36.37	108.8	0.006999
38.24	108.8	0.005524
4.663	110.6	0.01466
6.528	110.6	0.02849
8.394	110.6	0.06244
10.26	110.6	0.09667
12.12	110.6	0.1075
13.99	110.6	0.1087
15.85	110.6	0.1221
17.72	110.6	0.1257
19.59	110.6	0.06706
21.45	110.6	0.02199
23.32	110.6	0.01557
25.18	110.6	0.01567
27.05	110.6	0.01205
28.91	110.6	0.01075
30.78	110.6	0.01069
32.64	110.6	0.01267
34.51	110.6	0.009014
36.37	110.6	0.007165
38.24	110.6	0.005252
4.663	112.5	0.00911
6.528	112.5	0.02219
8.394	112.5	0.03041
10.26	112.5	0.06336
12.12	112.5	0.09992
13.99	112.5	0.1088
15.85	112.5	0.1206
17.72	112.5	0.1436
19.59	112.5	0.1104
21.45	112.5	0.03542
23.32	112.5	0.01456
25.18	112.5	0.01341
27.05	112.5	0.01256
28.91	112.5	0.01158
30.78	112.5	0.01098
32.64	112.5	0.01255
34.51	112.5	0.009774
36.37	112.5	0.007857
38.24	112.5	0.004994
4.663	114.4	0.003778
6.528	114.4	0.01757
8.394	114.4	0.02035
10.26	114.4	0.03194
12.12	114.4	0.06257
13.99	114.4	0.09758
15.85	114.4	0.1121
17.72	114.4	0.1415
19.59	114.4	0.1343
21.45	114.4	0.05721
23.32	114.4	0.0165
25.18	114.4	0.01459
27.05	114.4	0.01293
28.91	114.4	0.01225
30.78	114.4	0.01173
32.64	114.4	0.01315
34.51	114.4	0.01098
36.37	114.4	0.008768
38.24	114.4	0.006573
4.663	116.3	0.004104
6.528	116.3	0.00715
8.394	116.3	0.0174
10.26	116.3	0.01896
12.12	116.3	0.03517
13.99	116.3	0.0737
15.85	116.3	0.09801
17.72	116.3	0.1377
19.59	116.3	0.1494
21.45	116.3	0.08891
23.32	116.3	0.02409
25.18	116.3	0.01903
27.05	116.3	0.01729
28.91	116.3	0.01313
30.78	116.3	0.01204
32.64	116.3	0.01323
34.51	116.3	0.0117
36.37	116.3	0.01016
38.24	116.3	0.009354
4.663	118.1	0.003583
6.528	118.1	0.004179
8.394	118.1	0.01263
10.26	118.1	0.01405
12.12	118.1	0.01421
13.99	118.1	0.04155
15.85	118.1	0.06618
17.72	118.1	0.1084
19.59	118.1	0.1606
21.45	118.1	0.1213
23.32	118.1	0.05674
25.18	118.1	0.02836
27.05	118.1	0.02417
28.91	118.1	0.01809
30.78	118.1	0.01413
32.64	118.1	0.01385
34.51	118.1	0.01185
36.37	118.1	0.01074
38.24	118.1	0.01111
