4.663	30	0
6.528	30	0
8.394	30	0
10.26	30	0
12.12	30	0
13.99	30	0
15.85	30	0
17.72	30	0
19.59	30	0
21.45	30	0
23.32	30	0
25.18	30	0
27.05	30	0
28.91	30	1.037e-014
30.78	30	0.02387
32.64	30	0.005144
34.51	30	0.0165
36.37	30	0.0133
38.24	30	0
4.663	31.88	0
6.528	31.88	0
8.394	31.88	0
10.26	31.88	0
12.12	31.88	0
13.99	31.88	0
15.85	31.88	0
17.72	31.88	0
19.59	31.88	0
21.45	31.88	0
23.32	31.88	0
25.18	31.88	0
27.05	31.88	0.03457
28.91	31.88	0.007379
30.78	31.88	0.008707
32.64	31.88	0.00433
34.51	31.88	0.003745
36.37	31.88	0.04846
38.24	31.88	0
4.663	33.75	0
6.528	33.75	0
8.394	33.75	0
10.26	33.75	0
12.12	33.75	0
13.99	33.75	0
15.85	33.75	0
17.72	33.75	0
19.59	33.75	0
21.45	33.75	0
23.32	33.75	0
25.18	33.75	8.771e-006
27.05	33.75	0.008382
28.91	33.75	0.02327
30.78	33.75	0.005426
32.64	33.75	0.007027
34.51	33.75	0.01455
36.37	33.75	0.006361
38.24	33.75	0
4.663	35.63	0
6.528	35.63	0
8.394	35.63	0
10.26	35.63	0
12.12	35.63	0
13.99	35.63	0
15.85	35.63	0
17.72	35.63	0
19.59	35.63	0
21.45	35.63	0
23.32	35.63	0.04245
25.18	35.63	0.007876
27.05	35.63	0.02162
28.91	35.63	0.01439
30.78	35.63	0.0005499
32.64	35.63	0.008552
34.51	35.63	0.04769
36.37	35.63	0.01896
38.24	35.63	0
4.663	37.5	0
6.528	37.5	0
8.394	37.5	0
10.26	37.5	0
12.12	37.5	0
13.99	37.5	0
15.85	37.5	0
17.72	37.5	0
19.59	37.5	0.07053
21.45	37.5	0.09317
23.32	37.5	0.01285
25.18	37.5	0.009281
27.05	37.5	0.008245
28.91	37.5	0.0207
30.78	37.5	0.004206
32.64	37.5	0.003028
34.51	37.5	0.005202
36.37	37.5	0.01648
38.24	37.5	0
4.663	39.38	0
6.528	39.38	0
8.394	39.38	0
10.26	39.38	0
12.12	39.38	0
13.99	39.38	0
15.85	39.38	0
17.72	39.38	0.04006
19.59	39.38	0.1158
21.45	39.38	0.09875
23.32	39.38	0.02005
25.18	39.38	0.003747
27.05	39.38	0.01668
28.91	39.38	0.004872
30.78	39.38	0.01617
32.64	39.38	0.02446
34.51	39.38	0.01685
36.37	39.38	0.02503
38.24	39.38	0
4.663	41.25	0
6.528	41.25	0
8.394	41.25	0
10.26	41.25	0
12.12	41.25	0
13.99	41.25	0
15.85	41.25	0.002403
17.72	41.25	0.3268
19.59	41.25	0.007054
21.45	41.25	0.04133
23.32	41.25	0.01924
25.18	41.25	0.00356
27.05	41.25	0.007824
28.91	41.25	0.01891
30.78	41.25	0.004709
32.64	41.25	0.004917
34.51	41.25	0.02883
36.37	41.25	0.002403
38.24	41.25	0
4.663	43.13	0
6.528	43.13	0
8.394	43.13	0
10.26	43.13	0
12.12	43.13	0.006046
13.99	43.13	0.01152
15.85	43.13	6.612e-006
17.72	43.13	0.01508
19.59	43.13	0.003501
21.45	43.13	0.02729
23.32	43.13	0.03603
25.18	43.13	0.004127
27.05	43.13	0.02471
28.91	43.13	0.01656
30.78	43.13	0.009817
32.64	43.13	0.06199
34.51	43.13	0
36.37	43.13	0.09612
38.24	43.13	0
4.663	45	0
6.528	45	0
8.394	45	0
10.26	45	0.0314
12.12	45	0.04964
13.99	45	0.04921
15.85	45	0.008022
17.72	45	0.03218
19.59	45	0.02582
21.45	45	0.0158
23.32	45	0.04404
25.18	45	0.03769
27.05	45	0.1429
28.91	45	0.08762
30.78	45	0.07694
32.64	45	0.01826
34.51	45	0
36.37	45	0.04405
38.24	45	0
4.663	46.88	0
6.528	46.88	0
8.394	46.88	0.07178
10.26	46.88	0.01665
12.12	46.88	0.0336
13.99	46.88	0.02498
15.85	46.88	0.01083
17.72	46.88	0.03255
19.59	46.88	0.03451
21.45	46.88	0.04309
23.32	46.88	0.06956
25.18	46.88	0.11
27.05	46.88	0.1229
28.91	46.88	0.07331
30.78	46.88	0.01116
32.64	46.88	0.07627
34.51	46.88	0.01535
36.37	46.88	0.1304
38.24	46.88	0
4.663	48.75	0.02146
6.528	48.75	0.05751
8.394	48.75	0.02181
10.26	48.75	0.02123
12.12	48.75	0.06083
13.99	48.75	0.006774
15.85	48.75	0.05515
17.72	48.75	0.02107
19.59	48.75	0.03862
21.45	48.75	0.04462
23.32	48.75	0.07013
25.18	48.75	0.07237
27.05	48.75	0.164
28.91	48.75	0.08707
30.78	48.75	0.04015
32.64	48.75	0.006615
34.51	48.75	7.194e-015
36.37	48.75	0.135
38.24	48.75	0
4.663	50.63	0.02744
6.528	50.63	0.03786
8.394	50.63	0.02883
10.26	50.63	0.01157
12.12	50.63	0.05427
13.99	50.63	0.0114
15.85	50.63	0.06644
17.72	50.63	0.0301
19.59	50.63	0.05501
21.45	50.63	0.01109
23.32	50.63	0.1204
25.18	50.63	0.1043
27.05	50.63	0.09967
28.91	50.63	0.07238
30.78	50.63	0.003706
32.64	50.63	0.006039
34.51	50.63	0.0733
36.37	50.63	0.1456
38.24	50.63	0
4.663	52.5	0.03934
6.528	52.5	0.04784
8.394	52.5	0.02423
10.26	52.5	0.07582
12.12	52.5	0.07245
13.99	52.5	0.01192
15.85	52.5	0.02987
17.72	52.5	0.02286
19.59	52.5	0.06109
21.45	52.5	0.009723
23.32	52.5	0.05509
25.18	52.5	0.05932
27.05	52.5	0.04415
28.91	52.5	0.01178
30.78	52.5	0.006161
32.64	52.5	0.007475
34.51	52.5	0.02086
36.37	52.5	0.1085
38.24	52.5	0
4.663	54.38	0.0179
6.528	54.38	0.02347
8.394	54.38	0.007185
10.26	54.38	0.03611
12.12	54.38	0.05255
13.99	54.38	0.0115
15.85	54.38	0.03187
17.72	54.38	0.02622
19.59	54.38	3.621e-005
21.45	54.38	0.05205
23.32	54.38	0.02322
25.18	54.38	0.1186
27.05	54.38	0.06584
28.91	54.38	0.01452
30.78	54.38	0.01112
32.64	54.38	0.01283
34.51	54.38	0.003065
36.37	54.38	0.0417
38.24	54.38	0
4.663	56.25	0.0423
6.528	56.25	0.02766
8.394	56.25	0.006678
10.26	56.25	0.05085
12.12	56.25	0.0286
13.99	56.25	0.05086
15.85	56.25	0.02169
17.72	56.25	0.007659
19.59	56.25	0.01513
21.45	56.25	0.02538
23.32	56.25	0.01849
25.18	56.25	0.05746
27.05	56.25	0.1502
28.91	56.25	0.002403
30.78	56.25	0.0198
32.64	56.25	1.246e-006
34.51	56.25	0.002403
36.37	56.25	0.008542
38.24	56.25	0
4.663	58.13	0.01987
6.528	58.13	0.04643
8.394	58.13	0.0323
10.26	58.13	0.04548
12.12	58.13	0.03289
13.99	58.13	0.03439
15.85	58.13	0.02691
17.72	58.13	1.68e-005
19.59	58.13	0.01083
21.45	58.13	0.0406
23.32	58.13	0.05672
25.18	58.13	0.04862
27.05	58.13	0.1495
28.91	58.13	0.007027
30.78	58.13	0.0111
32.64	58.13	1.638e-013
34.51	58.13	3.14e-015
36.37	58.13	0.01582
38.24	58.13	0
4.663	60	0.02813
6.528	60	0.0286
8.394	60	0.008627
10.26	60	0.07323
12.12	60	0.02471
13.99	60	0.02479
15.85	60	0.008064
17.72	60	0.01242
19.59	60	0.01465
21.45	60	0.05453
23.32	60	0.01864
25.18	60	0.0902
27.05	60	0.1345
28.91	60	0.01774
30.78	60	3.918e-014
32.64	60	2.398e-007
34.51	60	7.041e-015
36.37	60	0.008692
38.24	60	0
4.663	61.88	0.01788
6.528	61.88	0.01014
8.394	61.88	0.00635
10.26	61.88	0.02641
12.12	61.88	0.2264
13.99	61.88	0.03782
15.85	61.88	0.01217
17.72	61.88	0.1045
19.59	61.88	0.07113
21.45	61.88	0.01351
23.32	61.88	0.03394
25.18	61.88	0.04725
27.05	61.88	0.01694
28.91	61.88	0.01845
30.78	61.88	0.07588
32.64	61.88	0.00961
34.51	61.88	0.007208
36.37	61.88	0.007601
38.24	61.88	0
4.663	63.75	0.05992
6.528	63.75	0.0629
8.394	63.75	0.06604
10.26	63.75	0.04224
12.12	63.75	0.04783
13.99	63.75	0.01071
15.85	63.75	0.06225
17.72	63.75	0.01446
19.59	63.75	0.03671
21.45	63.75	0.01701
23.32	63.75	0.02104
25.18	63.75	0.02854
27.05	63.75	0.01407
28.91	63.75	0.004522
30.78	63.75	0.00961
32.64	63.75	0.00852
34.51	63.75	0.01916
36.37	63.75	0.005269
38.24	63.75	0
4.663	65.63	0.05249
6.528	65.63	0.06624
8.394	65.63	0.04241
10.26	65.63	0.06683
12.12	65.63	0.05017
13.99	65.63	0.02885
15.85	65.63	0.01922
17.72	65.63	0.02128
19.59	65.63	0.01635
21.45	65.63	0.01194
23.32	65.63	0.03831
25.18	65.63	0.09397
27.05	65.63	0.05045
28.91	65.63	0.02403
30.78	65.63	0.01038
32.64	65.63	0.03364
34.51	65.63	0.006886
36.37	65.63	0.01033
38.24	65.63	0
4.663	67.5	0.1174
6.528	67.5	0.04992
8.394	67.5	0.04263
10.26	67.5	0.03265
12.12	67.5	0.01648
13.99	67.5	0.01444
15.85	67.5	0.132
17.72	67.5	0.01413
19.59	67.5	0.05598
21.45	67.5	0.0399
23.32	67.5	0.04196
25.18	67.5	0.1436
27.05	67.5	0.02681
28.91	67.5	0
30.78	67.5	0.01494
32.64	67.5	0.007208
34.51	67.5	0.004805
36.37	67.5	0.008839
38.24	67.5	0
4.663	69.38	0.007075
6.528	69.38	0.03778
8.394	69.38	0.02238
10.26	69.38	0.002655
12.12	69.38	0.0009075
13.99	69.38	0.03352
15.85	69.38	0.007137
17.72	69.38	0.01111
19.59	69.38	0.0383
21.45	69.38	0.02387
23.32	69.38	0.1388
25.18	69.38	0.04393
27.05	69.38	0.003151
28.91	69.38	0
30.78	69.38	0.02857
32.64	69.38	0.01762
34.51	69.38	0.01208
36.37	69.38	0.02099
38.24	69.38	0
4.663	71.25	0.0244
6.528	71.25	0.03779
8.394	71.25	0.03298
10.26	71.25	0.07187
12.12	71.25	0.000168
13.99	71.25	0.03157
15.85	71.25	3.306e-005
17.72	71.25	3.306e-005
19.59	71.25	0.009646
21.45	71.25	0.01154
23.32	71.25	0.02975
25.18	71.25	0.0553
27.05	71.25	0.008976
28.91	71.25	0.01471
30.78	71.25	0
32.64	71.25	0.01007
34.51	71.25	0.01118
36.37	71.25	0.01822
38.24	71.25	0
4.663	73.13	0.04749
6.528	73.13	0.04389
8.394	73.13	0.04944
10.26	73.13	0.065
12.12	73.13	0.0639
13.99	73.13	0.0787
15.85	73.13	0.05478
17.72	73.13	0.01955
19.59	73.13	0.05434
21.45	73.13	0.01013
23.32	73.13	0.02887
25.18	73.13	0.01484
27.05	73.13	0.00818
28.91	73.13	0.1101
30.78	73.13	0.01321
32.64	73.13	0.009783
34.51	73.13	0.02004
36.37	73.13	0.03226
38.24	73.13	0
4.663	75	0.03688
6.528	75	0.04237
8.394	75	0.03726
10.26	75	0.0767
12.12	75	0.0331
13.99	75	0.04551
15.85	75	0.01733
17.72	75	0.01462
19.59	75	0.05717
21.45	75	0.01249
23.32	75	0.002167
25.18	75	0.04299
27.05	75	0
28.91	75	0.007211
30.78	75	0.02403
32.64	75	0.009787
34.51	75	0.01572
36.37	75	0.01886
38.24	75	0
4.663	76.88	0.02795
6.528	76.88	0.03614
8.394	76.88	0.08577
10.26	76.88	0.06038
12.12	76.88	0.0205
13.99	76.88	0.02107
15.85	76.88	0.008848
17.72	76.88	0.01034
19.59	76.88	0.006818
21.45	76.88	0.06534
23.32	76.88	0.01036
25.18	76.88	0.09374
27.05	76.88	0.01101
28.91	76.88	0.002746
30.78	76.88	0.1202
32.64	76.88	0.04765
34.51	76.88	0.02109
36.37	76.88	0.01839
38.24	76.88	0
4.663	78.75	0.02695
6.528	78.75	0.04096
8.394	78.75	0.07231
10.26	78.75	0.002659
12.12	78.75	0.01005
13.99	78.75	0.01971
15.85	78.75	0.007986
17.72	78.75	0.03256
19.59	78.75	0.01374
21.45	78.75	0.02847
23.32	78.75	0.001211
25.18	78.75	0.01072
27.05	78.75	0.006751
28.91	78.75	0.3099
30.78	78.75	0.119
32.64	78.75	0.01522
34.51	78.75	0
36.37	78.75	0
38.24	78.75	0
4.663	80.63	0.1353
6.528	80.63	0.03667
8.394	80.63	0.03025
10.26	80.63	0.02419
12.12	80.63	0.0186
13.99	80.63	0.061
15.85	80.63	0.02463
17.72	80.63	0.009446
19.59	80.63	1.317e-006
21.45	80.63	0.004735
23.32	80.63	2.056e-005
25.18	80.63	0.006644
27.05	80.63	0.189
28.91	80.63	0.1908
30.78	80.63	0
32.64	80.63	0
34.51	80.63	0
36.37	80.63	0
38.24	80.63	0
4.663	82.5	0.08037
6.528	82.5	0.05214
8.394	82.5	0.03886
10.26	82.5	0.04486
12.12	82.5	0.01791
13.99	82.5	0.01359
15.85	82.5	0.01581
17.72	82.5	0.01559
19.59	82.5	0.006935
21.45	82.5	0.01924
23.32	82.5	0.002351
25.18	82.5	9.585e-013
27.05	82.5	0.1932
28.91	82.5	0
30.78	82.5	0
32.64	82.5	0
34.51	82.5	0
36.37	82.5	0
38.24	82.5	0
4.663	84.38	0.04308
6.528	84.38	0.0576
8.394	84.38	0.04509
10.26	84.38	0.02805
12.12	84.38	0.01326
13.99	84.38	0.0009605
15.85	84.38	0.009971
17.72	84.38	0.01381
19.59	84.38	0.01201
21.45	84.38	0.02344
23.32	84.38	0.007234
25.18	84.38	0.004634
27.05	84.38	0
28.91	84.38	0
30.78	84.38	0
32.64	84.38	0
34.51	84.38	0
36.37	84.38	0
38.24	84.38	0
4.663	86.25	0.03495
6.528	86.25	0.02948
8.394	86.25	0.0632
10.26	86.25	0.0465
12.12	86.25	0.04315
13.99	86.25	0.03482
15.85	86.25	0.008043
17.72	86.25	0.006884
19.59	86.25	0.01016
21.45	86.25	0.03825
23.32	86.25	0.1322
25.18	86.25	0
27.05	86.25	0
28.91	86.25	0
30.78	86.25	0
32.64	86.25	0
34.51	86.25	0
36.37	86.25	0
38.24	86.25	0
4.663	88.13	0.0136
6.528	88.13	0.05592
8.394	88.13	0.04534
10.26	88.13	0.05094
12.12	88.13	0.02526
13.99	88.13	0.01019
15.85	88.13	0.01045
17.72	88.13	0.01157
19.59	88.13	0.005208
21.45	88.13	0
23.32	88.13	0
25.18	88.13	0
27.05	88.13	0
28.91	88.13	0
30.78	88.13	0
32.64	88.13	0
34.51	88.13	0
36.37	88.13	0
38.24	88.13	0
4.663	90	0.01173
6.528	90	0.02302
8.394	90	0.07221
10.26	90	0.05117
12.12	90	0.01659
13.99	90	0.03672
15.85	90	0.008261
17.72	90	3.781e-005
19.59	90	0
21.45	90	0
23.32	90	0
25.18	90	0
27.05	90	0
28.91	90	0
30.78	90	0
32.64	90	0
34.51	90	0
36.37	90	0
38.24	90	0
4.663	91.88	0.04357
6.528	91.88	0.03377
8.394	91.88	0.04952
10.26	91.88	0.003541
12.12	91.88	0.03322
13.99	91.88	3.778e-005
15.85	91.88	0.05949
17.72	91.88	0
19.59	91.88	0
21.45	91.88	0
23.32	91.88	0
25.18	91.88	0
27.05	91.88	0
28.91	91.88	0
30.78	91.88	0
32.64	91.88	0
34.51	91.88	0
36.37	91.88	0
38.24	91.88	0
4.663	93.75	0.04988
6.528	93.75	0.055
8.394	93.75	0.004119
10.26	93.75	0.05777
12.12	93.75	0.00961
13.99	93.75	0
15.85	93.75	0
17.72	93.75	0
19.59	93.75	0
21.45	93.75	0
23.32	93.75	0
25.18	93.75	0
27.05	93.75	0
28.91	93.75	0
30.78	93.75	0
32.64	93.75	0
34.51	93.75	0
36.37	93.75	0
38.24	93.75	0
4.663	95.63	0.05526
6.528	95.63	0.06295
8.394	95.63	0.09734
10.26	95.63	0.06982
12.12	95.63	0
13.99	95.63	0
15.85	95.63	0
17.72	95.63	0
19.59	95.63	0
21.45	95.63	0
23.32	95.63	0
25.18	95.63	0
27.05	95.63	0
28.91	95.63	0
30.78	95.63	0
32.64	95.63	0
34.51	95.63	0
36.37	95.63	0
38.24	95.63	0
4.663	97.5	0.014
6.528	97.5	0.06646
8.394	97.5	0.1131
10.26	97.5	0
12.12	97.5	0
13.99	97.5	0
15.85	97.5	0
17.72	97.5	0
19.59	97.5	0
21.45	97.5	0
23.32	97.5	0
25.18	97.5	0
27.05	97.5	0
28.91	97.5	0
30.78	97.5	0
32.64	97.5	0
34.51	97.5	0
36.37	97.5	0
38.24	97.5	0
4.663	99.38	1.997e-005
6.528	99.38	0
8.394	99.38	0
10.26	99.38	0
12.12	99.38	0
13.99	99.38	0
15.85	99.38	0
17.72	99.38	0
19.59	99.38	0
21.45	99.38	0
23.32	99.38	0
25.18	99.38	0
27.05	99.38	0
28.91	99.38	0
30.78	99.38	0
32.64	99.38	0
34.51	99.38	0
36.37	99.38	0
38.24	99.38	0
4.663	101.3	0
6.528	101.3	0
8.394	101.3	0
10.26	101.3	0
12.12	101.3	0
13.99	101.3	0
15.85	101.3	0
17.72	101.3	0
19.59	101.3	0
21.45	101.3	0
23.32	101.3	0
25.18	101.3	0
27.05	101.3	0
28.91	101.3	0
30.78	101.3	0
32.64	101.3	0
34.51	101.3	0
36.37	101.3	0
38.24	101.3	0
4.663	103.1	0
6.528	103.1	0
8.394	103.1	0
10.26	103.1	0
12.12	103.1	0
13.99	103.1	0
15.85	103.1	0
17.72	103.1	0
19.59	103.1	0
21.45	103.1	0
23.32	103.1	0
25.18	103.1	0
27.05	103.1	0
28.91	103.1	0
30.78	103.1	0
32.64	103.1	0
34.51	103.1	0
36.37	103.1	0
38.24	103.1	0
4.663	105	0
6.528	105	0
8.394	105	0
10.26	105	0
12.12	105	0
13.99	105	0
15.85	105	0
17.72	105	0
19.59	105	0
21.45	105	0
23.32	105	0
25.18	105	0
27.05	105	0
28.91	105	0
30.78	105	0
32.64	105	0
34.51	105	0
36.37	105	0
38.24	105	0
4.663	106.9	0
6.528	106.9	0
8.394	106.9	0
10.26	106.9	0
12.12	106.9	0
13.99	106.9	0
15.85	106.9	0
17.72	106.9	0
19.59	106.9	0
21.45	106.9	0
23.32	106.9	0
25.18	106.9	0
27.05	106.9	0
28.91	106.9	0
30.78	106.9	0
32.64	106.9	0
34.51	106.9	0
36.37	106.9	0
38.24	106.9	0
4.663	108.8	0
6.528	108.8	0
8.394	108.8	0
10.26	108.8	0
12.12	108.8	0
13.99	108.8	0
15.85	108.8	0
17.72	108.8	0
19.59	108.8	0
21.45	108.8	0
23.32	108.8	0
25.18	108.8	0
27.05	108.8	0
28.91	108.8	0
30.78	108.8	0
32.64	108.8	0
34.51	108.8	0
36.37	108.8	0
38.24	108.8	0
4.663	110.6	0
6.528	110.6	0
8.394	110.6	0
10.26	110.6	0
12.12	110.6	0
13.99	110.6	0
15.85	110.6	0
17.72	110.6	0
19.59	110.6	0
21.45	110.6	0
23.32	110.6	0
25.18	110.6	0
27.05	110.6	0
28.91	110.6	0
30.78	110.6	0
32.64	110.6	0
34.51	110.6	0
36.37	110.6	0
38.24	110.6	0
4.663	112.5	0
6.528	112.5	0
8.394	112.5	0
10.26	112.5	0
12.12	112.5	0
13.99	112.5	0
15.85	112.5	0
17.72	112.5	0
19.59	112.5	0
21.45	112.5	0
23.32	112.5	0
25.18	112.5	0
27.05	112.5	0
28.91	112.5	0
30.78	112.5	0
32.64	112.5	0
34.51	112.5	0
36.37	112.5	0
38.24	112.5	0
4.663	114.4	0
6.528	114.4	0
8.394	114.4	0
10.26	114.4	0
12.12	114.4	0
13.99	114.4	0
15.85	114.4	0
17.72	114.4	0
19.59	114.4	0
21.45	114.4	0
23.32	114.4	0
25.18	114.4	0
27.05	114.4	0
28.91	114.4	0
30.78	114.4	0
32.64	114.4	0
34.51	114.4	0.00961
36.37	114.4	0
38.24	114.4	0
4.663	116.3	0
6.528	116.3	0
8.394	116.3	0
10.26	116.3	0
12.12	116.3	0
13.99	116.3	0
15.85	116.3	0
17.72	116.3	0
19.59	116.3	0
21.45	116.3	0
23.32	116.3	0
25.18	116.3	0
27.05	116.3	0
28.91	116.3	0
30.78	116.3	0
32.64	116.3	0.0007836
34.51	116.3	0.00788
36.37	116.3	0
38.24	116.3	0
4.663	118.1	0
6.528	118.1	0
8.394	118.1	0
10.26	118.1	0
12.12	118.1	0
13.99	118.1	0
15.85	118.1	0
17.72	118.1	0
19.59	118.1	0
21.45	118.1	0
23.32	118.1	0
25.18	118.1	0
27.05	118.1	0
28.91	118.1	0
30.78	118.1	0.02786
32.64	118.1	0.01652
34.51	118.1	0.02252
36.37	118.1	0
38.24	118.1	0
