4.663	30	0
6.528	30	0
8.394	30	0
10.26	30	0
12.12	30	0
13.99	30	0
15.85	30	0
17.72	30	0
19.59	30	0
21.45	30	0
23.32	30	0
25.18	30	0
27.05	30	0
28.91	30	0.05176
30.78	30	0.02515
32.64	30	0.0318
34.51	30	0.0253
36.37	30	0.08093
38.24	30	0
4.663	31.88	0
6.528	31.88	0
8.394	31.88	0
10.26	31.88	0
12.12	31.88	0
13.99	31.88	0
15.85	31.88	0
17.72	31.88	0
19.59	31.88	0
21.45	31.88	0
23.32	31.88	0
25.18	31.88	0
27.05	31.88	0.07995
28.91	31.88	0.02141
30.78	31.88	0.03127
32.64	31.88	0.04318
34.51	31.88	0.1081
36.37	31.88	0.02933
38.24	31.88	0
4.663	33.75	0
6.528	33.75	0
8.394	33.75	0
10.26	33.75	0
12.12	33.75	0
13.99	33.75	0
15.85	33.75	0
17.72	33.75	0
19.59	33.75	0
21.45	33.75	0
23.32	33.75	0
25.18	33.75	0.007714
27.05	33.75	0.07129
28.91	33.75	0.1134
30.78	33.75	0.09484
32.64	33.75	0.0174
34.51	33.75	0.09907
36.37	33.75	0.06969
38.24	33.75	0
4.663	35.63	0
6.528	35.63	0
8.394	35.63	0
10.26	35.63	0
12.12	35.63	0
13.99	35.63	0
15.85	35.63	0
17.72	35.63	0
19.59	35.63	0
21.45	35.63	0.07692
23.32	35.63	0.111
25.18	35.63	0.001235
27.05	35.63	0.009763
28.91	35.63	0.01359
30.78	35.63	0.02386
32.64	35.63	0.00755
34.51	35.63	0.007208
36.37	35.63	0.08636
38.24	35.63	0
4.663	37.5	0
6.528	37.5	0
8.394	37.5	0
10.26	37.5	0
12.12	37.5	0
13.99	37.5	0
15.85	37.5	0
17.72	37.5	0
19.59	37.5	0.05049
21.45	37.5	0.09072
23.32	37.5	0.03823
25.18	37.5	0.01024
27.05	37.5	0.0523
28.91	37.5	0.1152
30.78	37.5	0.1249
32.64	37.5	0.0426
34.51	37.5	0.009565
36.37	37.5	0.1769
38.24	37.5	0
4.663	39.38	0
6.528	39.38	0
8.394	39.38	0
10.26	39.38	0
12.12	39.38	0
13.99	39.38	0
15.85	39.38	0
17.72	39.38	0.1345
19.59	39.38	0.04194
21.45	39.38	0.04371
23.32	39.38	0.007235
25.18	39.38	0.005361
27.05	39.38	0.06352
28.91	39.38	0.1357
30.78	39.38	0.01019
32.64	39.38	0.005033
34.51	39.38	0.005585
36.37	39.38	0.03371
38.24	39.38	0
4.663	41.25	0
6.528	41.25	0
8.394	41.25	0
10.26	41.25	0
12.12	41.25	0
13.99	41.25	0
15.85	41.25	0.02051
17.72	41.25	0.05311
19.59	41.25	0.00402
21.45	41.25	0.03893
23.32	41.25	0.08551
25.18	41.25	0.06019
27.05	41.25	0.1082
28.91	41.25	0.01968
30.78	41.25	0.007875
32.64	41.25	0.009561
34.51	41.25	0.03947
36.37	41.25	0.01627
38.24	41.25	0
4.663	43.13	0
6.528	43.13	0
8.394	43.13	0
10.26	43.13	0
12.12	43.13	0.03998
13.99	43.13	0.01315
15.85	43.13	0.0025
17.72	43.13	0.006046
19.59	43.13	0.001358
21.45	43.13	0.1125
23.32	43.13	0.09262
25.18	43.13	0.06507
27.05	43.13	0.07566
28.91	43.13	0.146
30.78	43.13	0.05408
32.64	43.13	0.04205
34.51	43.13	0
36.37	43.13	0.1153
38.24	43.13	0
4.663	45	0
6.528	45	0
8.394	45	0
10.26	45	0.03066
12.12	45	4.629e-014
13.99	45	0.01031
15.85	45	0.006862
17.72	45	0.06015
19.59	45	0.1157
21.45	45	0.05847
23.32	45	0.08564
25.18	45	0.0372
27.05	45	0.1376
28.91	45	0.04776
30.78	45	0.1918
32.64	45	0.0008132
34.51	45	0.01358
36.37	45	0.1049
38.24	45	0
4.663	46.88	0
6.528	46.88	0
8.394	46.88	0.07193
10.26	46.88	0.07134
12.12	46.88	0.01479
13.99	46.88	0.01758
15.85	46.88	0.04097
17.72	46.88	0.03201
19.59	46.88	0.01857
21.45	46.88	0.05955
23.32	46.88	0.008743
25.18	46.88	0.1631
27.05	46.88	0.2299
28.91	46.88	0.1829
30.78	46.88	0.0589
32.64	46.88	0.1069
34.51	46.88	0.1008
36.37	46.88	0.1184
38.24	46.88	0
4.663	48.75	0
6.528	48.75	0.04782
8.394	48.75	0.02448
10.26	48.75	0.01294
12.12	48.75	0.01766
13.99	48.75	0.05026
15.85	48.75	0.01481
17.72	48.75	0.02781
19.59	48.75	0.01629
21.45	48.75	0.0589
23.32	48.75	0.03045
25.18	48.75	0.1668
27.05	48.75	0.1047
28.91	48.75	0.1064
30.78	48.75	0.0146
32.64	48.75	0.01393
34.51	48.75	0.03139
36.37	48.75	0.08877
38.24	48.75	0
4.663	50.63	0.02803
6.528	50.63	0.05735
8.394	50.63	0.01077
10.26	50.63	0.02253
12.12	50.63	0.02359
13.99	50.63	0.02583
15.85	50.63	0.02886
17.72	50.63	0.03509
19.59	50.63	0.02627
21.45	50.63	0.005656
23.32	50.63	0.0461
25.18	50.63	0.1178
27.05	50.63	0.2698
28.91	50.63	0.0517
30.78	50.63	0.02503
32.64	50.63	0.01447
34.51	50.63	0.08818
36.37	50.63	0.03533
38.24	50.63	0
4.663	52.5	0.01725
6.528	52.5	0.03169
8.394	52.5	0.01903
10.26	52.5	0.01012
12.12	52.5	0.0505
13.99	52.5	0.02338
15.85	52.5	0.03509
17.72	52.5	0.01051
19.59	52.5	0.09878
21.45	52.5	0.01273
23.32	52.5	0.0689
25.18	52.5	0.04167
27.05	52.5	0.09837
28.91	52.5	0.01449
30.78	52.5	0.0545
32.64	52.5	0.006398
34.51	52.5	0.1335
36.37	52.5	0.05274
38.24	52.5	0
4.663	54.38	0.01886
6.528	54.38	0.0861
8.394	54.38	0.03615
10.26	54.38	0.02843
12.12	54.38	0.02401
13.99	54.38	0.01496
15.85	54.38	0.01692
17.72	54.38	0.07884
19.59	54.38	0.009709
21.45	54.38	0.01833
23.32	54.38	0.003757
25.18	54.38	0.06059
27.05	54.38	0.09355
28.91	54.38	4.485e-005
30.78	54.38	0.01189
32.64	54.38	0.1008
34.51	54.38	0.04022
36.37	54.38	0.09405
38.24	54.38	0
4.663	56.25	0.02286
6.528	56.25	0.03096
8.394	56.25	0.03375
10.26	56.25	0.02983
12.12	56.25	0.01612
13.99	56.25	0.01883
15.85	56.25	0.05836
17.72	56.25	0.03378
19.59	56.25	0.008851
21.45	56.25	0.05825
23.32	56.25	0.02784
25.18	56.25	0.0316
27.05	56.25	0.07906
28.91	56.25	1.388e-013
30.78	56.25	0.00961
32.64	56.25	0.07209
34.51	56.25	0.03757
36.37	56.25	0.3244
38.24	56.25	0
4.663	58.13	0.0155
6.528	58.13	0.02885
8.394	58.13	0.02495
10.26	58.13	0.02578
12.12	58.13	0.03304
13.99	58.13	0.07888
15.85	58.13	0.05447
17.72	58.13	0.04016
19.59	58.13	0.04579
21.45	58.13	0.007449
23.32	58.13	0.03033
25.18	58.13	0.03258
27.05	58.13	0.03246
28.91	58.13	0.008338
30.78	58.13	0.007634
32.64	58.13	0.001959
34.51	58.13	0.007208
36.37	58.13	0.05046
38.24	58.13	0
4.663	60	0.03116
6.528	60	0.02655
8.394	60	0.03717
10.26	60	0.04064
12.12	60	0.06161
13.99	60	0.0793
15.85	60	0.02265
17.72	60	0.02934
19.59	60	0.007762
21.45	60	0.02069
23.32	60	0.02564
25.18	60	0.05988
27.05	60	0.01465
28.91	60	0.06845
30.78	60	0.002249
32.64	60	0.004805
34.51	60	0.003967
36.37	60	0.001144
38.24	60	0
4.663	61.88	0.01787
6.528	61.88	0.01038
8.394	61.88	0.02373
10.26	61.88	0.06728
12.12	61.88	0.05437
13.99	61.88	0.02638
15.85	61.88	0.00888
17.72	61.88	0.01549
19.59	61.88	0.01625
21.45	61.88	0.01191
23.32	61.88	0.03132
25.18	61.88	0.05827
27.05	61.88	0.001213
28.91	61.88	0.00935
30.78	61.88	0.002522
32.64	61.88	0.06727
34.51	61.88	0.0004357
36.37	61.88	0.02406
38.24	61.88	0
4.663	63.75	0.01186
6.528	63.75	0.02911
8.394	63.75	0.05764
10.26	63.75	0.003474
12.12	63.75	0.02919
13.99	63.75	4.251e-005
15.85	63.75	0.03154
17.72	63.75	0.01535
19.59	63.75	0.009941
21.45	63.75	0.008658
23.32	63.75	0.01711
25.18	63.75	0.02881
27.05	63.75	0.0204
28.91	63.75	0.1275
30.78	63.75	0.0124
32.64	63.75	0.07146
34.51	63.75	0.01229
36.37	63.75	0.02329
38.24	63.75	0
4.663	65.63	0.05621
6.528	65.63	0.01345
8.394	65.63	0.03484
10.26	65.63	0.06315
12.12	65.63	0.00655
13.99	65.63	0.002993
15.85	65.63	0.009078
17.72	65.63	0.01059
19.59	65.63	0.01972
21.45	65.63	0.02352
23.32	65.63	0.01573
25.18	65.63	0.07932
27.05	65.63	0.0008844
28.91	65.63	0.05045
30.78	65.63	0.03317
32.64	65.63	0.2137
34.51	65.63	0.07705
36.37	65.63	0.06729
38.24	65.63	0
4.663	67.5	0.03553
6.528	67.5	0.003975
8.394	67.5	0.05874
10.26	67.5	0.02896
12.12	67.5	0.06979
13.99	67.5	0.00866
15.85	67.5	0.001564
17.72	67.5	0.02474
19.59	67.5	0.0193
21.45	67.5	0.01757
23.32	67.5	0.02716
25.18	67.5	0.009656
27.05	67.5	0.1125
28.91	67.5	0.00722
30.78	67.5	0
32.64	67.5	0.01661
34.51	67.5	0.05799
36.37	67.5	0.003623
38.24	67.5	0
4.663	69.38	0.0203
6.528	69.38	0.03001
8.394	69.38	0.03371
10.26	69.38	0.05567
12.12	69.38	0.03054
13.99	69.38	0.00519
15.85	69.38	0.02556
17.72	69.38	0.01054
19.59	69.38	0.03718
21.45	69.38	0.02789
23.32	69.38	0.007379
25.18	69.38	0.01125
27.05	69.38	0.003243
28.91	69.38	0.02486
30.78	69.38	0.01922
32.64	69.38	0.01922
34.51	69.38	0.007221
36.37	69.38	0.03071
38.24	69.38	0
4.663	71.25	0.006949
6.528	71.25	0.01592
8.394	71.25	0.0261
10.26	71.25	0.004895
12.12	71.25	0.002039
13.99	71.25	0.07476
15.85	71.25	0.08594
17.72	71.25	4.485e-005
19.59	71.25	0.01539
21.45	71.25	0.08692
23.32	71.25	0.003617
25.18	71.25	0.07763
27.05	71.25	0.02512
28.91	71.25	0.0209
30.78	71.25	0.0484
32.64	71.25	0.004805
34.51	71.25	0.04086
36.37	71.25	0.004904
38.24	71.25	0
4.663	73.13	0.02429
6.528	73.13	0.03334
8.394	73.13	0.0005737
10.26	73.13	0.0488
12.12	73.13	0.04849
13.99	73.13	0.03482
15.85	73.13	0.05884
17.72	73.13	0.0516
19.59	73.13	0.07432
21.45	73.13	0.02518
23.32	73.13	0.006471
25.18	73.13	0.003771
27.05	73.13	0.007211
28.91	73.13	0.01615
30.78	73.13	0.0156
32.64	73.13	0.00426
34.51	73.13	0.001855
36.37	73.13	0.01309
38.24	73.13	0
4.663	75	0.05922
6.528	75	0.07546
8.394	75	0.1236
10.26	75	0.05187
12.12	75	0.03641
13.99	75	0.03969
15.85	75	0.0572
17.72	75	0.01271
19.59	75	0.1019
21.45	75	0.001206
23.32	75	0.09374
25.18	75	0.007488
27.05	75	0.01201
28.91	75	0.009187
30.78	75	0.02757
32.64	75	0.001943
34.51	75	0.04452
36.37	75	0.07688
38.24	75	0
4.663	76.88	0.02606
6.528	76.88	0.004031
8.394	76.88	5.482e-005
10.26	76.88	0.02265
12.12	76.88	0.01713
13.99	76.88	0.06311
15.85	76.88	0.058
17.72	76.88	0.0405
19.59	76.88	0.007426
21.45	76.88	0.03297
23.32	76.88	0.004916
25.18	76.88	1.47e-005
27.05	76.88	0.01028
28.91	76.88	0.01271
30.78	76.88	0.191
32.64	76.88	0.02744
34.51	76.88	0.05606
36.37	76.88	0
38.24	76.88	0
4.663	78.75	0.004031
6.528	78.75	0.03166
8.394	78.75	0.03069
10.26	78.75	0.05706
12.12	78.75	0.03771
13.99	78.75	0.06869
15.85	78.75	0.06517
17.72	78.75	0.0426
19.59	78.75	0.006088
21.45	78.75	0.01924
23.32	78.75	0.01433
25.18	78.75	0.01393
27.05	78.75	0.002403
28.91	78.75	0.0394
30.78	78.75	0.06952
32.64	78.75	0.1772
34.51	78.75	0
36.37	78.75	0
38.24	78.75	0
4.663	80.63	0.04109
6.528	80.63	0.02726
8.394	80.63	0.03435
10.26	80.63	0.03794
12.12	80.63	0.1504
13.99	80.63	0.06749
15.85	80.63	0.007857
17.72	80.63	0.01125
19.59	80.63	0.01471
21.45	80.63	0.01544
23.32	80.63	0.02196
25.18	80.63	0.01295
27.05	80.63	0.01685
28.91	80.63	0.1457
30.78	80.63	0
32.64	80.63	0
34.51	80.63	0
36.37	80.63	0
38.24	80.63	0
4.663	82.5	0.01696
6.528	82.5	0.003897
8.394	82.5	0.04501
10.26	82.5	0.02395
12.12	82.5	0.05892
13.99	82.5	0.0146
15.85	82.5	0.06624
17.72	82.5	0.03033
19.59	82.5	0.03758
21.45	82.5	0.04368
23.32	82.5	0.09355
25.18	82.5	0.05767
27.05	82.5	0
28.91	82.5	0
30.78	82.5	0
32.64	82.5	0
34.51	82.5	0
36.37	82.5	0
38.24	82.5	0
4.663	84.38	0.01989
6.528	84.38	0.02065
8.394	84.38	0.06541
10.26	84.38	0.05051
12.12	84.38	0.01865
13.99	84.38	0.05492
15.85	84.38	0.05126
17.72	84.38	0.02765
19.59	84.38	0.007182
21.45	84.38	0.1505
23.32	84.38	0.0831
25.18	84.38	0
27.05	84.38	0
28.91	84.38	0
30.78	84.38	0
32.64	84.38	0
34.51	84.38	0
36.37	84.38	0
38.24	84.38	0
4.663	86.25	0.03376
6.528	86.25	0.03183
8.394	86.25	0.0253
10.26	86.25	4.41e-005
12.12	86.25	0.01771
13.99	86.25	0.01429
15.85	86.25	0.2018
17.72	86.25	0.02609
19.59	86.25	0.07915
21.45	86.25	0
23.32	86.25	0
25.18	86.25	0
27.05	86.25	0
28.91	86.25	0
30.78	86.25	0
32.64	86.25	0
34.51	86.25	0
36.37	86.25	0
38.24	86.25	0
4.663	88.13	0.1024
6.528	88.13	0.0481
8.394	88.13	0.05992
10.26	88.13	0.01864
12.12	88.13	0.01812
13.99	88.13	0.001381
15.85	88.13	0.01017
17.72	88.13	6.86e-005
19.59	88.13	0
21.45	88.13	0
23.32	88.13	0
25.18	88.13	0
27.05	88.13	0
28.91	88.13	0
30.78	88.13	0
32.64	88.13	0
34.51	88.13	0
36.37	88.13	0
38.24	88.13	0
4.663	90	0.09038
6.528	90	0.04594
8.394	90	0.02171
10.26	90	0.01698
12.12	90	0.01673
13.99	90	0.2451
15.85	90	0.05979
17.72	90	0
19.59	90	0
21.45	90	0
23.32	90	0
25.18	90	0
27.05	90	0
28.91	90	0
30.78	90	0
32.64	90	0
34.51	90	0
36.37	90	0
38.24	90	0
4.663	91.88	0.08734
6.528	91.88	0.006153
8.394	91.88	0.0247
10.26	91.88	0.06517
12.12	91.88	0.1047
13.99	91.88	0.04121
15.85	91.88	0.104
17.72	91.88	0
19.59	91.88	0
21.45	91.88	0
23.32	91.88	0
25.18	91.88	0
27.05	91.88	0
28.91	91.88	0
30.78	91.88	0
32.64	91.88	0
34.51	91.88	0
36.37	91.88	0
38.24	91.88	0
4.663	93.75	0.003527
6.528	93.75	0.0277
8.394	93.75	0.1006
10.26	93.75	4.251e-005
12.12	93.75	0
13.99	93.75	0
15.85	93.75	0
17.72	93.75	0
19.59	93.75	0
21.45	93.75	0
23.32	93.75	0
25.18	93.75	0
27.05	93.75	0
28.91	93.75	0
30.78	93.75	0
32.64	93.75	0
34.51	93.75	0
36.37	93.75	0
38.24	93.75	0
4.663	95.63	0.1027
6.528	95.63	0.0861
8.394	95.63	0.04949
10.26	95.63	0.02148
12.12	95.63	0
13.99	95.63	0
15.85	95.63	0
17.72	95.63	0
19.59	95.63	0
21.45	95.63	0
23.32	95.63	0
25.18	95.63	0
27.05	95.63	0
28.91	95.63	0
30.78	95.63	0
32.64	95.63	0
34.51	95.63	0
36.37	95.63	0
38.24	95.63	0
4.663	97.5	0.1071
6.528	97.5	0.04069
8.394	97.5	0.126
10.26	97.5	0
12.12	97.5	0
13.99	97.5	0
15.85	97.5	0
17.72	97.5	0
19.59	97.5	0
21.45	97.5	0
23.32	97.5	0
25.18	97.5	0
27.05	97.5	0
28.91	97.5	0
30.78	97.5	0
32.64	97.5	0
34.51	97.5	0
36.37	97.5	0
38.24	97.5	0
4.663	99.38	0.1812
6.528	99.38	0
8.394	99.38	0
10.26	99.38	0
12.12	99.38	0
13.99	99.38	0
15.85	99.38	0
17.72	99.38	0
19.59	99.38	0
21.45	99.38	0
23.32	99.38	0
25.18	99.38	0
27.05	99.38	0
28.91	99.38	0
30.78	99.38	0
32.64	99.38	0
34.51	99.38	0
36.37	99.38	0
38.24	99.38	0
4.663	101.3	0
6.528	101.3	0
8.394	101.3	0
10.26	101.3	0
12.12	101.3	0
13.99	101.3	0
15.85	101.3	0
17.72	101.3	0
19.59	101.3	0
21.45	101.3	0
23.32	101.3	0
25.18	101.3	0
27.05	101.3	0
28.91	101.3	0
30.78	101.3	0
32.64	101.3	0
34.51	101.3	0
36.37	101.3	0
38.24	101.3	0
4.663	103.1	0
6.528	103.1	0
8.394	103.1	0
10.26	103.1	0
12.12	103.1	0
13.99	103.1	0
15.85	103.1	0
17.72	103.1	0
19.59	103.1	0
21.45	103.1	0
23.32	103.1	0
25.18	103.1	0
27.05	103.1	0
28.91	103.1	0
30.78	103.1	0
32.64	103.1	0
34.51	103.1	0
36.37	103.1	0
38.24	103.1	0
4.663	105	0
6.528	105	0
8.394	105	0
10.26	105	0
12.12	105	0
13.99	105	0
15.85	105	0
17.72	105	0
19.59	105	0
21.45	105	0
23.32	105	0
25.18	105	0
27.05	105	0
28.91	105	0
30.78	105	0
32.64	105	0
34.51	105	0
36.37	105	0
38.24	105	0
4.663	106.9	0
6.528	106.9	0
8.394	106.9	0
10.26	106.9	0
12.12	106.9	0
13.99	106.9	0
15.85	106.9	0
17.72	106.9	0
19.59	106.9	0
21.45	106.9	0
23.32	106.9	0
25.18	106.9	0
27.05	106.9	0
28.91	106.9	0
30.78	106.9	0
32.64	106.9	0
34.51	106.9	0
36.37	106.9	0
38.24	106.9	0
4.663	108.8	0
6.528	108.8	0
8.394	108.8	0
10.26	108.8	0
12.12	108.8	0
13.99	108.8	0
15.85	108.8	0
17.72	108.8	0
19.59	108.8	0
21.45	108.8	0
23.32	108.8	0
25.18	108.8	0
27.05	108.8	0
28.91	108.8	0
30.78	108.8	0
32.64	108.8	0
34.51	108.8	0
36.37	108.8	0
38.24	108.8	0
4.663	110.6	0
6.528	110.6	0
8.394	110.6	0
10.26	110.6	0
12.12	110.6	0
13.99	110.6	0
15.85	110.6	0
17.72	110.6	0
19.59	110.6	0
21.45	110.6	0
23.32	110.6	0
25.18	110.6	0
27.05	110.6	0
28.91	110.6	0
30.78	110.6	0
32.64	110.6	0
34.51	110.6	0
36.37	110.6	0
38.24	110.6	0
4.663	112.5	0
6.528	112.5	0
8.394	112.5	0
10.26	112.5	0
12.12	112.5	0
13.99	112.5	0
15.85	112.5	0
17.72	112.5	0
19.59	112.5	0
21.45	112.5	0
23.32	112.5	0
25.18	112.5	0
27.05	112.5	0
28.91	112.5	0
30.78	112.5	0
32.64	112.5	0
34.51	112.5	0
36.37	112.5	0
38.24	112.5	0
4.663	114.4	0
6.528	114.4	0
8.394	114.4	0
10.26	114.4	0
12.12	114.4	0
13.99	114.4	0
15.85	114.4	0
17.72	114.4	0
19.59	114.4	0
21.45	114.4	0
23.32	114.4	0
25.18	114.4	0
27.05	114.4	0
28.91	114.4	0
30.78	114.4	0
32.64	114.4	0
34.51	114.4	0.005058
36.37	114.4	0
38.24	114.4	0
4.663	116.3	0
6.528	116.3	0
8.394	116.3	0
10.26	116.3	0
12.12	116.3	0
13.99	116.3	0
15.85	116.3	0
17.72	116.3	0
19.59	116.3	0
21.45	116.3	0
23.32	116.3	0
25.18	116.3	0
27.05	116.3	0
28.91	116.3	0
30.78	116.3	0
32.64	116.3	0.08903
34.51	116.3	0.1009
36.37	116.3	0
38.24	116.3	0
4.663	118.1	0
6.528	118.1	0
8.394	118.1	0
10.26	118.1	0
12.12	118.1	0
13.99	118.1	0
15.85	118.1	0
17.72	118.1	0
19.59	118.1	0
21.45	118.1	0
23.32	118.1	0
25.18	118.1	0
27.05	118.1	0
28.91	118.1	0
30.78	118.1	0.02545
32.64	118.1	0.03803
34.51	118.1	0.02756
36.37	118.1	0
38.24	118.1	0
