4.663	30	0.05376
6.528	30	0.06289
8.394	30	0.05596
10.26	30	0.06285
12.12	30	0.1024
13.99	30	0.1714
15.85	30	0.2205
17.72	30	0.1695
19.59	30	0.1188
21.45	30	0.08181
23.32	30	0.06836
25.18	30	0.06308
27.05	30	0.0608
28.91	30	0.06139
30.78	30	0.06399
32.64	30	0.06312
34.51	30	0.06157
36.37	30	0.05936
38.24	30	0.06734
4.663	31.88	0.07535
6.528	31.88	0.07824
8.394	31.88	0.06423
10.26	31.88	0.05799
12.12	31.88	0.08721
13.99	31.88	0.1196
15.85	31.88	0.1643
17.72	31.88	0.1269
19.59	31.88	0.08141
21.45	31.88	0.061
23.32	31.88	0.05441
25.18	31.88	0.04763
27.05	31.88	0.04391
28.91	31.88	0.04385
30.78	31.88	0.04875
32.64	31.88	0.05348
34.51	31.88	0.0525
36.37	31.88	0.04778
38.24	31.88	0.05237
4.663	33.75	0.08716
6.528	33.75	0.08664
8.394	33.75	0.06478
10.26	33.75	0.0534
12.12	33.75	0.07474
13.99	33.75	0.09082
15.85	33.75	0.1235
17.72	33.75	0.1271
19.59	33.75	0.08618
21.45	33.75	0.06222
23.32	33.75	0.05246
25.18	33.75	0.04292
27.05	33.75	0.0361
28.91	33.75	0.03273
30.78	33.75	0.03532
32.64	33.75	0.04255
34.51	33.75	0.04507
36.37	33.75	0.03709
38.24	33.75	0.0416
4.663	35.63	0.08418
6.528	35.63	0.09108
8.394	35.63	0.06205
10.26	35.63	0.05248
12.12	35.63	0.06379
13.99	35.63	0.07921
15.85	35.63	0.08943
17.72	35.63	0.09524
19.59	35.63	0.0782
21.45	35.63	0.06292
23.32	35.63	0.05206
25.18	35.63	0.0419
27.05	35.63	0.03673
28.91	35.63	0.03221
30.78	35.63	0.03003
32.64	35.63	0.03202
34.51	35.63	0.03532
36.37	35.63	0.02854
38.24	35.63	0.03277
4.663	37.5	0.08589
6.528	37.5	0.1072
8.394	37.5	0.06596
10.26	37.5	0.06285
12.12	37.5	0.07609
13.99	37.5	0.08353
15.85	37.5	0.07375
17.72	37.5	0.07139
19.59	37.5	0.0676
21.45	37.5	0.06314
23.32	37.5	0.05576
25.18	37.5	0.04389
27.05	37.5	0.0378
28.91	37.5	0.03515
30.78	37.5	0.02985
32.64	37.5	0.0283
34.51	37.5	0.02707
36.37	37.5	0.02294
38.24	37.5	0.02604
4.663	39.38	0.1038
6.528	39.38	0.1246
8.394	39.38	0.09122
10.26	39.38	0.07745
12.12	39.38	0.08358
13.99	39.38	0.08497
15.85	39.38	0.07231
17.72	39.38	0.0707
19.59	39.38	0.06703
21.45	39.38	0.06247
23.32	39.38	0.05374
25.18	39.38	0.03831
27.05	39.38	0.03477
28.91	39.38	0.0326
30.78	39.38	0.02973
32.64	39.38	0.02699
34.51	39.38	0.02323
36.37	39.38	0.0196
38.24	39.38	0.02231
4.663	41.25	0.1081
6.528	41.25	0.1127
8.394	41.25	0.09971
10.26	41.25	0.07944
12.12	41.25	0.08415
13.99	41.25	0.09808
15.85	41.25	0.08443
17.72	41.25	0.07163
19.59	41.25	0.06424
21.45	41.25	0.05922
23.32	41.25	0.05303
25.18	41.25	0.04361
27.05	41.25	0.03528
28.91	41.25	0.03191
30.78	41.25	0.03019
32.64	41.25	0.02748
34.51	41.25	0.02233
36.37	41.25	0.01814
38.24	41.25	0.02067
4.663	43.13	0.1081
6.528	43.13	0.1158
8.394	43.13	0.1065
10.26	43.13	0.09194
12.12	43.13	0.09851
13.99	43.13	0.1153
15.85	43.13	0.09302
17.72	43.13	0.06831
19.59	43.13	0.05389
21.45	43.13	0.05162
23.32	43.13	0.05037
25.18	43.13	0.04353
27.05	43.13	0.03696
28.91	43.13	0.02981
30.78	43.13	0.02799
32.64	43.13	0.02455
34.51	43.13	0.02079
36.37	43.13	0.02014
38.24	43.13	0.03765
4.663	45	0.111
6.528	45	0.1222
8.394	45	0.1044
10.26	45	0.08702
12.12	45	0.09319
13.99	45	0.1078
15.85	45	0.08782
17.72	45	0.06347
19.59	45	0.0451
21.45	45	0.0449
23.32	45	0.04162
25.18	45	0.04038
27.05	45	0.03603
28.91	45	0.028
30.78	45	0.02418
32.64	45	0.02179
34.51	45	0.0206
36.37	45	0.02402
38.24	45	0.06493
4.663	46.88	0.1679
6.528	46.88	0.1741
8.394	46.88	0.1165
10.26	46.88	0.0844
12.12	46.88	0.08471
13.99	46.88	0.09436
15.85	46.88	0.08343
17.72	46.88	0.06643
19.59	46.88	0.04099
21.45	46.88	0.04336
23.32	46.88	0.04151
25.18	46.88	0.03744
27.05	46.88	0.03433
28.91	46.88	0.03221
30.78	46.88	0.03094
32.64	46.88	0.0295
34.51	46.88	0.03218
36.37	46.88	0.06303
38.24	46.88	0.1486
4.663	48.75	0.1418
6.528	48.75	0.2597
8.394	48.75	0.2113
10.26	48.75	0.1245
12.12	48.75	0.08513
13.99	48.75	0.07967
15.85	48.75	0.07246
17.72	48.75	0.05618
19.59	48.75	0.04962
21.45	48.75	0.04968
23.32	48.75	0.04688
25.18	48.75	0.04261
27.05	48.75	0.03866
28.91	48.75	0.03708
30.78	48.75	0.0367
32.64	48.75	0.04006
34.51	48.75	0.05886
36.37	48.75	0.1177
38.24	48.75	0.1894
4.663	50.63	0.1259
6.528	50.63	0.2101
8.394	50.63	0.2422
10.26	50.63	0.1797
12.12	50.63	0.1267
13.99	50.63	0.1081
15.85	50.63	0.1004
17.72	50.63	0.07575
19.59	50.63	0.06254
21.45	50.63	0.05619
23.32	50.63	0.05403
25.18	50.63	0.05021
27.05	50.63	0.04865
28.91	50.63	0.04619
30.78	50.63	0.04479
32.64	50.63	0.05622
34.51	50.63	0.07681
36.37	50.63	0.1405
38.24	50.63	0.2142
4.663	52.5	0.1164
6.528	52.5	0.1519
8.394	52.5	0.2161
10.26	52.5	0.2212
12.12	52.5	0.1847
13.99	52.5	0.1718
15.85	52.5	0.1728
17.72	52.5	0.1075
19.59	52.5	0.07803
21.45	52.5	0.06743
23.32	52.5	0.06
25.18	52.5	0.0564
27.05	52.5	0.05629
28.91	52.5	0.05621
30.78	52.5	0.05835
32.64	52.5	0.07318
34.51	52.5	0.1054
36.37	52.5	0.1381
38.24	52.5	0.192
4.663	54.38	0.1062
6.528	54.38	0.1173
8.394	54.38	0.1681
10.26	54.38	0.2278
12.12	54.38	0.2365
13.99	54.38	0.2355
15.85	54.38	0.2337
17.72	54.38	0.1377
19.59	54.38	0.09705
21.45	54.38	0.07516
23.32	54.38	0.06084
25.18	54.38	0.05817
27.05	54.38	0.0572
28.91	54.38	0.0494
30.78	54.38	0.05977
32.64	54.38	0.08186
34.51	54.38	0.1055
36.37	54.38	0.1371
38.24	54.38	0.1669
4.663	56.25	0.09743
6.528	56.25	0.1054
8.394	56.25	0.1403
10.26	56.25	0.2167
12.12	56.25	0.2526
13.99	56.25	0.2805
15.85	56.25	0.2732
17.72	56.25	0.1536
19.59	56.25	0.1215
21.45	56.25	0.08798
23.32	56.25	0.06262
25.18	56.25	0.06286
27.05	56.25	0.05907
28.91	56.25	0.05213
30.78	56.25	0.07159
32.64	56.25	0.07839
34.51	56.25	0.09571
36.37	56.25	0.1108
38.24	56.25	0.1525
4.663	58.13	0.09208
6.528	58.13	0.1038
8.394	58.13	0.1275
10.26	58.13	0.189
12.12	58.13	0.2309
13.99	58.13	0.2788
15.85	58.13	0.2925
17.72	58.13	0.1992
19.59	58.13	0.1459
21.45	58.13	0.09969
23.32	58.13	0.07094
25.18	58.13	0.07317
27.05	58.13	0.06494
28.91	58.13	0.06021
30.78	58.13	0.07907
32.64	58.13	0.0752
34.51	58.13	0.07788
36.37	58.13	0.09985
38.24	58.13	0.1532
4.663	60	0.08329
6.528	60	0.1028
8.394	60	0.121
10.26	60	0.1554
12.12	60	0.2067
13.99	60	0.2849
15.85	60	0.287
17.72	60	0.2179
19.59	60	0.1693
21.45	60	0.1214
23.32	60	0.09406
25.18	60	0.09124
27.05	60	0.07554
28.91	60	0.07707
30.78	60	0.08545
32.64	60	0.0729
34.51	60	0.08092
36.37	60	0.1112
38.24	60	0.1668
4.663	61.88	0.08128
6.528	61.88	0.1019
8.394	61.88	0.1177
10.26	61.88	0.1507
12.12	61.88	0.2088
13.99	61.88	0.2777
15.85	61.88	0.2561
17.72	61.88	0.2294
19.59	61.88	0.1845
21.45	61.88	0.1384
23.32	61.88	0.1261
25.18	61.88	0.1118
27.05	61.88	0.08865
28.91	61.88	0.08325
30.78	61.88	0.08126
32.64	61.88	0.07308
34.51	61.88	0.08821
36.37	61.88	0.1212
38.24	61.88	0.1589
4.663	63.75	0.08139
6.528	63.75	0.1027
8.394	63.75	0.1153
10.26	63.75	0.1489
12.12	63.75	0.1961
13.99	63.75	0.2352
15.85	63.75	0.2394
17.72	63.75	0.2388
19.59	63.75	0.1954
21.45	63.75	0.1557
23.32	63.75	0.1442
25.18	63.75	0.122
27.05	63.75	0.09148
28.91	63.75	0.0781
30.78	63.75	0.06879
32.64	63.75	0.05869
34.51	63.75	0.0761
36.37	63.75	0.11
38.24	63.75	0.1196
4.663	65.63	0.08443
6.528	65.63	0.1002
8.394	65.63	0.1125
10.26	65.63	0.1376
12.12	65.63	0.1715
13.99	65.63	0.2098
15.85	65.63	0.2432
17.72	65.63	0.2302
19.59	65.63	0.1917
21.45	65.63	0.1684
23.32	65.63	0.1287
25.18	65.63	0.1149
27.05	65.63	0.09759
28.91	65.63	0.07821
30.78	65.63	0.05849
32.64	65.63	0.05254
34.51	65.63	0.06873
36.37	65.63	0.1008
38.24	65.63	0.1066
4.663	67.5	0.08227
6.528	67.5	0.1001
8.394	67.5	0.1085
10.26	67.5	0.1216
12.12	67.5	0.1566
13.99	67.5	0.2094
15.85	67.5	0.2474
17.72	67.5	0.2127
19.59	67.5	0.1793
21.45	67.5	0.1809
23.32	67.5	0.129
25.18	67.5	0.09974
27.05	67.5	0.09775
28.91	67.5	0.0806
30.78	67.5	0.06099
32.64	67.5	0.05438
34.51	67.5	0.05766
36.37	67.5	0.07578
38.24	67.5	0.06919
4.663	69.38	0.07771
6.528	69.38	0.09563
8.394	69.38	0.09612
10.26	69.38	0.1007
12.12	69.38	0.1394
13.99	69.38	0.1858
15.85	69.38	0.2206
17.72	69.38	0.2065
19.59	69.38	0.1767
21.45	69.38	0.1744
23.32	69.38	0.1279
25.18	69.38	0.09396
27.05	69.38	0.08576
28.91	69.38	0.0882
30.78	69.38	0.09184
32.64	69.38	0.09185
34.51	69.38	0.06914
36.37	69.38	0.05244
38.24	69.38	0.04371
4.663	71.25	0.07283
6.528	71.25	0.08658
8.394	71.25	0.08448
10.26	71.25	0.09658
12.12	71.25	0.1358
13.99	71.25	0.1726
15.85	71.25	0.1961
17.72	71.25	0.1989
19.59	71.25	0.1685
21.45	71.25	0.1485
23.32	71.25	0.1329
25.18	71.25	0.0984
27.05	71.25	0.08181
28.91	71.25	0.08185
30.78	71.25	0.09433
32.64	71.25	0.08959
34.51	71.25	0.05564
36.37	71.25	0.03967
38.24	71.25	0.03278
4.663	73.13	0.06285
6.528	73.13	0.07492
8.394	73.13	0.08084
10.26	73.13	0.1008
12.12	73.13	0.1248
13.99	73.13	0.1443
15.85	73.13	0.157
17.72	73.13	0.1648
19.59	73.13	0.1684
21.45	73.13	0.1393
23.32	73.13	0.1412
25.18	73.13	0.1067
27.05	73.13	0.08134
28.91	73.13	0.07274
30.78	73.13	0.07572
32.64	73.13	0.06616
34.51	73.13	0.03698
36.37	73.13	0.033
38.24	73.13	0.03266
4.663	75	0.05482
6.528	75	0.06866
8.394	75	0.07932
10.26	75	0.08493
12.12	75	0.08937
13.99	75	0.1186
15.85	75	0.1225
17.72	75	0.1173
19.59	75	0.1166
21.45	75	0.118
23.32	75	0.1269
25.18	75	0.09701
27.05	75	0.07119
28.91	75	0.05669
30.78	75	0.04633
32.64	75	0.03195
34.51	75	0.02803
36.37	75	0.03344
38.24	75	0.0663
4.663	76.88	0.04662
6.528	76.88	0.0594
8.394	76.88	0.06491
10.26	76.88	0.07801
12.12	76.88	0.08063
13.99	76.88	0.08911
15.85	76.88	0.08184
17.72	76.88	0.07313
19.59	76.88	0.07734
21.45	76.88	0.1008
23.32	76.88	0.1109
25.18	76.88	0.08035
27.05	76.88	0.06011
28.91	76.88	0.04609
30.78	76.88	0.02379
32.64	76.88	0.01537
34.51	76.88	0.02517
36.37	76.88	0.04832
38.24	76.88	0.2005
4.663	78.75	0.03391
6.528	78.75	0.041
8.394	78.75	0.05584
10.26	78.75	0.07171
12.12	78.75	0.05949
13.99	78.75	0.06166
15.85	78.75	0.05779
17.72	78.75	0.05138
19.59	78.75	0.05967
21.45	78.75	0.08307
23.32	78.75	0.09495
25.18	78.75	0.0685
27.05	78.75	0.05392
28.91	78.75	0.03673
30.78	78.75	0.01871
32.64	78.75	0.01514
34.51	78.75	0.0258
36.37	78.75	0.1149
38.24	78.75	0.2535
4.663	80.63	0.02332
6.528	80.63	0.03307
8.394	80.63	0.04618
10.26	80.63	0.04233
12.12	80.63	0.03422
13.99	80.63	0.05313
15.85	80.63	0.05184
17.72	80.63	0.04473
19.59	80.63	0.04287
21.45	80.63	0.05812
23.32	80.63	0.07423
25.18	80.63	0.05467
27.05	80.63	0.04362
28.91	80.63	0.02508
30.78	80.63	0.01249
32.64	80.63	0.01072
34.51	80.63	0.03301
36.37	80.63	0.1584
38.24	80.63	0.2265
4.663	82.5	0.01859
6.528	82.5	0.02117
8.394	82.5	0.0303
10.26	82.5	0.03021
12.12	82.5	0.03242
13.99	82.5	0.03977
15.85	82.5	0.03539
17.72	82.5	0.0396
19.59	82.5	0.03594
21.45	82.5	0.0398
23.32	82.5	0.05
25.18	82.5	0.04753
27.05	82.5	0.03361
28.91	82.5	0.01581
30.78	82.5	0.00668
32.64	82.5	0.01553
34.51	82.5	0.05807
36.37	82.5	0.1669
38.24	82.5	0.1849
4.663	84.38	0.0172
6.528	84.38	0.02006
8.394	84.38	0.02529
10.26	84.38	0.02599
12.12	84.38	0.02477
13.99	84.38	0.02658
15.85	84.38	0.02611
17.72	84.38	0.02
19.59	84.38	0.02727
21.45	84.38	0.03094
23.32	84.38	0.03738
25.18	84.38	0.03627
27.05	84.38	0.0228
28.91	84.38	0.007896
30.78	84.38	0.006242
32.64	84.38	0.02798
34.51	84.38	0.05859
36.37	84.38	0.1169
38.24	84.38	0.145
4.663	86.25	0.01994
6.528	86.25	0.01714
8.394	86.25	0.02063
10.26	86.25	0.02155
12.12	86.25	0.01753
13.99	86.25	0.01812
15.85	86.25	0.02369
17.72	86.25	0.02299
19.59	86.25	0.02315
21.45	86.25	0.02285
23.32	86.25	0.02411
25.18	86.25	0.02589
27.05	86.25	0.01732
28.91	86.25	0.002451
30.78	86.25	0.007872
32.64	86.25	0.03137
34.51	86.25	0.04105
36.37	86.25	0.04805
38.24	86.25	0.08278
4.663	88.13	0.02609
6.528	88.13	0.01556
8.394	88.13	0.01541
10.26	88.13	0.01543
12.12	88.13	0.0143
13.99	88.13	0.01245
15.85	88.13	0.01364
17.72	88.13	0.01647
19.59	88.13	0.01925
21.45	88.13	0.01556
23.32	88.13	0.01857
25.18	88.13	0.02114
27.05	88.13	0.009956
28.91	88.13	0.002362
30.78	88.13	0.008249
32.64	88.13	0.02728
34.51	88.13	0.02931
36.37	88.13	0.02954
38.24	88.13	0.06909
4.663	90	0.02854
6.528	90	0.01697
8.394	90	0.0123
10.26	90	0.0107
12.12	90	0.01078
13.99	90	0.01018
15.85	90	0.007335
17.72	90	0.009764
19.59	90	0.01295
21.45	90	0.01487
23.32	90	0.01396
25.18	90	0.01584
27.05	90	0.007144
28.91	90	0.002107
30.78	90	0.00688
32.64	90	0.02351
34.51	90	0.02705
36.37	90	0.02765
38.24	90	0.05031
4.663	91.88	0.02759
6.528	91.88	0.01364
8.394	91.88	0.00913
10.26	91.88	0.005775
12.12	91.88	0.005736
13.99	91.88	0.006733
15.85	91.88	0.005611
17.72	91.88	0.005926
19.59	91.88	0.0107
21.45	91.88	0.01019
23.32	91.88	0.009984
25.18	91.88	0.01259
27.05	91.88	0.005811
28.91	91.88	0.002128
30.78	91.88	0.004776
32.64	91.88	0.0162
34.51	91.88	0.02607
36.37	91.88	0.03096
38.24	91.88	0.0445
4.663	93.75	0.01837
6.528	93.75	0.008993
8.394	93.75	0.007741
10.26	93.75	0.005466
12.12	93.75	0.004501
13.99	93.75	0.005109
15.85	93.75	0.004378
17.72	93.75	0.003647
19.59	93.75	0.006106
21.45	93.75	0.005162
23.32	93.75	0.005685
25.18	93.75	0.008871
27.05	93.75	0.006005
28.91	93.75	0.002045
30.78	93.75	0.004159
32.64	93.75	0.0115
34.51	93.75	0.02608
36.37	93.75	0.0307
38.24	93.75	0.03705
4.663	95.63	0.01255
6.528	95.63	0.005659
8.394	95.63	0.006843
10.26	95.63	0.006462
12.12	95.63	0.00526
13.99	95.63	0.004784
15.85	95.63	0.003413
17.72	95.63	0.003357
19.59	95.63	0.003915
21.45	95.63	0.003081
23.32	95.63	0.003171
25.18	95.63	0.005438
27.05	95.63	0.00507
28.91	95.63	0.002448
30.78	95.63	0.0047
32.64	95.63	0.01134
34.51	95.63	0.02509
36.37	95.63	0.02734
38.24	95.63	0.02734
4.663	97.5	0.009947
6.528	97.5	0.003326
8.394	97.5	0.003752
10.26	97.5	0.003686
12.12	97.5	0.003233
13.99	97.5	0.003669
15.85	97.5	0.003233
17.72	97.5	0.003294
19.59	97.5	0.003071
21.45	97.5	0.002677
23.32	97.5	0.002747
25.18	97.5	0.002645
27.05	97.5	0.002689
28.91	97.5	0.00265
30.78	97.5	0.005257
32.64	97.5	0.01137
34.51	97.5	0.02326
36.37	97.5	0.02381
38.24	97.5	0.02135
4.663	99.38	0.009082
6.528	99.38	0.003864
8.394	99.38	0.00275
10.26	99.38	0.001903
12.12	99.38	0.002955
13.99	99.38	0.003579
15.85	99.38	0.004112
17.72	99.38	0.003837
19.59	99.38	0.003583
21.45	99.38	0.003688
23.32	99.38	0.003
25.18	99.38	0.002351
27.05	99.38	0.001813
28.91	99.38	0.001582
30.78	99.38	0.003819
32.64	99.38	0.01112
34.51	99.38	0.02078
36.37	99.38	0.02132
38.24	99.38	0.02044
4.663	101.3	0.01703
6.528	101.3	0.009625
8.394	101.3	0.003071
10.26	101.3	0.003384
12.12	101.3	0.002249
13.99	101.3	0.0048
15.85	101.3	0.005376
17.72	101.3	0.004783
19.59	101.3	0.004914
21.45	101.3	0.004787
23.32	101.3	0.003618
25.18	101.3	0.002655
27.05	101.3	0.001792
28.91	101.3	0.001569
30.78	101.3	0.002728
32.64	101.3	0.009727
34.51	101.3	0.01706
36.37	101.3	0.02269
38.24	101.3	0.02586
4.663	103.1	0.02411
6.528	103.1	0.007199
8.394	103.1	0.004793
10.26	103.1	0.002837
12.12	103.1	0.003391
13.99	103.1	0.004885
15.85	103.1	0.006693
17.72	103.1	0.006085
19.59	103.1	0.007097
21.45	103.1	0.006903
23.32	103.1	0.005171
25.18	103.1	0.003907
27.05	103.1	0.002632
28.91	103.1	0.002844
30.78	103.1	0.005644
32.64	103.1	0.0127
34.51	103.1	0.01698
36.37	103.1	0.03229
38.24	103.1	0.02662
4.663	105	0.01803
6.528	105	0.008809
8.394	105	0.003536
10.26	105	0.002872
12.12	105	0.003279
13.99	105	0.005149
15.85	105	0.008401
17.72	105	0.008093
19.59	105	0.009
21.45	105	0.009582
23.32	105	0.007754
25.18	105	0.005649
27.05	105	0.004681
28.91	105	0.007408
30.78	105	0.01783
32.64	105	0.02786
34.51	105	0.0265
36.37	105	0.02766
38.24	105	0.02128
4.663	106.9	0.02155
6.528	106.9	0.01175
8.394	106.9	0.003329
10.26	106.9	0.002871
12.12	106.9	0.003076
13.99	106.9	0.005755
15.85	106.9	0.01005
17.72	106.9	0.01131
19.59	106.9	0.01133
21.45	106.9	0.01033
23.32	106.9	0.009529
25.18	106.9	0.008219
27.05	106.9	0.007215
28.91	106.9	0.009802
30.78	106.9	0.01698
32.64	106.9	0.02411
34.51	106.9	0.02304
36.37	106.9	0.02192
38.24	106.9	0.01858
4.663	108.8	0.01623
6.528	108.8	0.01135
8.394	108.8	0.005921
10.26	108.8	0.002611
12.12	108.8	0.003963
13.99	108.8	0.006074
15.85	108.8	0.009616
17.72	108.8	0.01725
19.59	108.8	0.0156
21.45	108.8	0.01274
23.32	108.8	0.009797
25.18	108.8	0.009968
27.05	108.8	0.009625
28.91	108.8	0.01084
30.78	108.8	0.01472
32.64	108.8	0.01926
34.51	108.8	0.02138
36.37	108.8	0.01931
38.24	108.8	0.01741
4.663	110.6	0.01448
6.528	110.6	0.009866
8.394	110.6	0.006343
10.26	110.6	0.005126
12.12	110.6	0.004647
13.99	110.6	0.006163
15.85	110.6	0.01063
17.72	110.6	0.01767
19.59	110.6	0.01968
21.45	110.6	0.01477
23.32	110.6	0.01147
25.18	110.6	0.009477
27.05	110.6	0.01104
28.91	110.6	0.01333
30.78	110.6	0.01539
32.64	110.6	0.01777
34.51	110.6	0.01849
36.37	110.6	0.01851
38.24	110.6	0.01798
4.663	112.5	0.01339
6.528	112.5	0.01036
8.394	112.5	0.005113
10.26	112.5	0.005087
12.12	112.5	0.006315
13.99	112.5	0.00712
15.85	112.5	0.009638
17.72	112.5	0.01726
19.59	112.5	0.02529
21.45	112.5	0.01843
23.32	112.5	0.0137
25.18	112.5	0.009857
27.05	112.5	0.009434
28.91	112.5	0.01273
30.78	112.5	0.01693
32.64	112.5	0.01937
34.51	112.5	0.02135
36.37	112.5	0.02035
38.24	112.5	0.02094
4.663	114.4	0.0084
6.528	114.4	0.009009
8.394	114.4	0.007206
10.26	114.4	0.00496
12.12	114.4	0.005472
13.99	114.4	0.005797
15.85	114.4	0.007334
17.72	114.4	0.01386
19.59	114.4	0.02164
21.45	114.4	0.02246
23.32	114.4	0.01602
25.18	114.4	0.01125
27.05	114.4	0.009108
28.91	114.4	0.01099
30.78	114.4	0.0154
32.64	114.4	0.01857
34.51	114.4	0.02252
36.37	114.4	0.0237
38.24	114.4	0.02421
4.663	116.3	0.01276
6.528	116.3	0.00577
8.394	116.3	0.007757
10.26	116.3	0.006708
12.12	116.3	0.005982
13.99	116.3	0.006337
15.85	116.3	0.007472
17.72	116.3	0.009766
19.59	116.3	0.01625
21.45	116.3	0.02281
23.32	116.3	0.01845
25.18	116.3	0.01356
27.05	116.3	0.01156
28.91	116.3	0.01153
30.78	116.3	0.01409
32.64	116.3	0.01849
34.51	116.3	0.02087
36.37	116.3	0.02318
38.24	116.3	0.02544
4.663	118.1	0.01548
6.528	118.1	0.00582
8.394	118.1	0.007457
10.26	118.1	0.005614
12.12	118.1	0.004917
13.99	118.1	0.005699
15.85	118.1	0.006716
17.72	118.1	0.007667
19.59	118.1	0.01234
21.45	118.1	0.0223
23.32	118.1	0.02241
25.18	118.1	0.01747
27.05	118.1	0.0171
28.91	118.1	0.01574
30.78	118.1	0.01686
32.64	118.1	0.01969
34.51	118.1	0.02027
36.37	118.1	0.02204
38.24	118.1	0.02404
