4.663	30	0
6.528	30	0
8.394	30	0
10.26	30	0
12.12	30	0
13.99	30	0
15.85	30	0
17.72	30	0
19.59	30	0
21.45	30	0
23.32	30	0
25.18	30	0
27.05	30	0
28.91	30	0.08003
30.78	30	0.06844
32.64	30	0.3196
34.51	30	0.0205
36.37	30	0.2531
38.24	30	0
4.663	31.88	0
6.528	31.88	0
8.394	31.88	0
10.26	31.88	0
12.12	31.88	0
13.99	31.88	0
15.85	31.88	0
17.72	31.88	0
19.59	31.88	0
21.45	31.88	0
23.32	31.88	0
25.18	31.88	0
27.05	31.88	0.3419
28.91	31.88	0.1478
30.78	31.88	0.04712
32.64	31.88	0.09425
34.51	31.88	0.0757
36.37	31.88	0.06699
38.24	31.88	0
4.663	33.75	0
6.528	33.75	0
8.394	33.75	0
10.26	33.75	0
12.12	33.75	0
13.99	33.75	0
15.85	33.75	0
17.72	33.75	0
19.59	33.75	0
21.45	33.75	0
23.32	33.75	0
25.18	33.75	0.001542
27.05	33.75	0.0006325
28.91	33.75	0.1059
30.78	33.75	0.1527
32.64	33.75	0.05976
34.51	33.75	0.0918
36.37	33.75	0.1587
38.24	33.75	0
4.663	35.63	0
6.528	35.63	0
8.394	35.63	0
10.26	35.63	0
12.12	35.63	0
13.99	35.63	0
15.85	35.63	0
17.72	35.63	0
19.59	35.63	0
21.45	35.63	0.07752
23.32	35.63	0.007204
25.18	35.63	0.0114
27.05	35.63	0.14
28.91	35.63	0.1421
30.78	35.63	0.08849
32.64	35.63	0.039
34.51	35.63	5.39e-005
36.37	35.63	0.09645
38.24	35.63	0
4.663	37.5	0
6.528	37.5	0
8.394	37.5	0
10.26	37.5	0
12.12	37.5	0
13.99	37.5	0
15.85	37.5	0
17.72	37.5	0
19.59	37.5	0.172
21.45	37.5	0.1505
23.32	37.5	0.125
25.18	37.5	0.01255
27.05	37.5	0.1372
28.91	37.5	0.1384
30.78	37.5	0.05659
32.64	37.5	0.1538
34.51	37.5	0.04739
36.37	37.5	0.0927
38.24	37.5	0
4.663	39.38	0
6.528	39.38	0
8.394	39.38	0
10.26	39.38	0
12.12	39.38	0
13.99	39.38	0
15.85	39.38	0
17.72	39.38	0.08607
19.59	39.38	0.3066
21.45	39.38	0.2473
23.32	39.38	0.08392
25.18	39.38	0.2089
27.05	39.38	0.1308
28.91	39.38	0.1722
30.78	39.38	0.01842
32.64	39.38	0.0122
34.51	39.38	0.01277
36.37	39.38	0.4733
38.24	39.38	0
4.663	41.25	0
6.528	41.25	0
8.394	41.25	0
10.26	41.25	0
12.12	41.25	0
13.99	41.25	0
15.85	41.25	1.766e-012
17.72	41.25	0.0004331
19.59	41.25	0.05715
21.45	41.25	0.001067
23.32	41.25	0.00907
25.18	41.25	0.452
27.05	41.25	0.2375
28.91	41.25	0.02914
30.78	41.25	0.009467
32.64	41.25	0.01922
34.51	41.25	0.1032
36.37	41.25	0.02546
38.24	41.25	0
4.663	43.13	0
6.528	43.13	0
8.394	43.13	0
10.26	43.13	0
12.12	43.13	0.02643
13.99	43.13	0.03248
15.85	43.13	0.01442
17.72	43.13	0.02448
19.59	43.13	0.04691
21.45	43.13	0.08042
23.32	43.13	0.02327
25.18	43.13	0.000732
27.05	43.13	0.1995
28.91	43.13	0.3903
30.78	43.13	0.2921
32.64	43.13	0.0819
34.51	43.13	0
36.37	43.13	0.17
38.24	43.13	0
4.663	45	0
6.528	45	0
8.394	45	0
10.26	45	0.01857
12.12	45	0.0349
13.99	45	0.03938
15.85	45	0.04723
17.72	45	0.04765
19.59	45	0.09106
21.45	45	0.07339
23.32	45	0.006386
25.18	45	0.3432
27.05	45	0.2843
28.91	45	0.413
30.78	45	0.09835
32.64	45	0.01036
34.51	45	0
36.37	45	0.4487
38.24	45	0
4.663	46.88	0
6.528	46.88	0
8.394	46.88	0.00465
10.26	46.88	0.02255
12.12	46.88	0.01015
13.99	46.88	0.03003
15.85	46.88	0.04588
17.72	46.88	0.04445
19.59	46.88	0.1136
21.45	46.88	0.06887
23.32	46.88	0.2627
25.18	46.88	0.2938
27.05	46.88	0.286
28.91	46.88	0.1292
30.78	46.88	0.151
32.64	46.88	0.01987
34.51	46.88	0.1151
36.37	46.88	0.4405
38.24	46.88	0
4.663	48.75	0.007734
6.528	48.75	0.01102
8.394	48.75	0.02486
10.26	48.75	0.0459
12.12	48.75	0.01458
13.99	48.75	0.02396
15.85	48.75	0.02709
17.72	48.75	0.03635
19.59	48.75	0.02368
21.45	48.75	0.06628
23.32	48.75	0.1288
25.18	48.75	0.2414
27.05	48.75	0.1442
28.91	48.75	0.141
30.78	48.75	0.02178
32.64	48.75	0.01593
34.51	48.75	0.1885
36.37	48.75	0.3477
38.24	48.75	0
4.663	50.63	0.02861
6.528	50.63	0.06191
8.394	50.63	0.04405
10.26	50.63	0.01257
12.12	50.63	0.02105
13.99	50.63	0.02735
15.85	50.63	0.0416
17.72	50.63	0.0477
19.59	50.63	0.1111
21.45	50.63	0.003157
23.32	50.63	0.5825
25.18	50.63	0.1692
27.05	50.63	0.1936
28.91	50.63	0.1705
30.78	50.63	0
32.64	50.63	0.007703
34.51	50.63	0.1136
36.37	50.63	0.1895
38.24	50.63	0
4.663	52.5	0.02322
6.528	52.5	0.02783
8.394	52.5	0.0361
10.26	52.5	0.01608
12.12	52.5	0.02821
13.99	52.5	0.05283
15.85	52.5	0.02361
17.72	52.5	0.03153
19.59	52.5	0.06967
21.45	52.5	0.01219
23.32	52.5	0.5472
25.18	52.5	0.1572
27.05	52.5	0.1706
28.91	52.5	0.09269
30.78	52.5	0.0314
32.64	52.5	0.1339
34.51	52.5	0.1238
36.37	52.5	0.3196
38.24	52.5	0
4.663	54.38	0.04713
6.528	54.38	0.04893
8.394	54.38	0.07103
10.26	54.38	0.03186
12.12	54.38	0.02761
13.99	54.38	0.051
15.85	54.38	0.02626
17.72	54.38	0.06166
19.59	54.38	0.1168
21.45	54.38	0.05589
23.32	54.38	0.1195
25.18	54.38	0.1913
27.05	54.38	0.118
28.91	54.38	0.01085
30.78	54.38	0.06247
32.64	54.38	0.03827
34.51	54.38	0.04494
36.37	54.38	0.0796
38.24	54.38	0
4.663	56.25	0.06498
6.528	56.25	0.09576
8.394	56.25	0.04693
10.26	56.25	0.06113
12.12	56.25	0.04495
13.99	56.25	0.02678
15.85	56.25	0.02623
17.72	56.25	0.07474
19.59	56.25	0.06391
21.45	56.25	0.1955
23.32	56.25	0.1478
25.18	56.25	0.1495
27.05	56.25	0.1067
28.91	56.25	0.03179
30.78	56.25	0.4031
32.64	56.25	0.1016
34.51	56.25	0.2321
36.37	56.25	0.09837
38.24	56.25	0
4.663	58.13	0.1062
6.528	58.13	0.06905
8.394	58.13	0.03432
10.26	58.13	0.0755
12.12	58.13	0.01755
13.99	58.13	0.005008
15.85	58.13	0.0459
17.72	58.13	0.01998
19.59	58.13	0.251
21.45	58.13	0.01879
23.32	58.13	0.124
25.18	58.13	0.1275
27.05	58.13	0.07377
28.91	58.13	0.05965
30.78	58.13	0.04077
32.64	58.13	0.08273
34.51	58.13	7.11e-014
36.37	58.13	0.1612
38.24	58.13	0
4.663	60	0.2077
6.528	60	0.04113
8.394	60	0.03008
10.26	60	0.05003
12.12	60	0.01132
13.99	60	0.03233
15.85	60	0.1897
17.72	60	0.01175
19.59	60	0.1785
21.45	60	0.09061
23.32	60	0.1158
25.18	60	0.1425
27.05	60	0.02123
28.91	60	0.02347
30.78	60	0.0001296
32.64	60	5.973e-014
34.51	60	0.4501
36.37	60	0.177
38.24	60	0
4.663	61.88	0.04759
6.528	61.88	0.03936
8.394	61.88	0.04054
10.26	61.88	0.08644
12.12	61.88	0.07652
13.99	61.88	0.09992
15.85	61.88	0.008026
17.72	61.88	0.1078
19.59	61.88	0.05655
21.45	61.88	0.1238
23.32	61.88	0.1271
25.18	61.88	0.1148
27.05	61.88	0.02009
28.91	61.88	0.74
30.78	61.88	0.007907
32.64	61.88	0.2437
34.51	61.88	0.301
36.37	61.88	0.2098
38.24	61.88	0
4.663	63.75	0.0347
6.528	63.75	0.04677
8.394	63.75	0.04353
10.26	63.75	0.08363
12.12	63.75	0.06307
13.99	63.75	0.003621
15.85	63.75	0.05545
17.72	63.75	0.05275
19.59	63.75	0.1055
21.45	63.75	0.1288
23.32	63.75	0.1175
25.18	63.75	0.1115
27.05	63.75	4.918e-014
28.91	63.75	0.03806
30.78	63.75	0.04601
32.64	63.75	0.7849
34.51	63.75	0.1314
36.37	63.75	0.1784
38.24	63.75	0
4.663	65.63	0.04688
6.528	65.63	0.0656
8.394	65.63	0.04544
10.26	65.63	3.015e-014
12.12	65.63	0.1667
13.99	65.63	0.06454
15.85	65.63	0.07798
17.72	65.63	0.04784
19.59	65.63	0.03458
21.45	65.63	0.07353
23.32	65.63	0.09543
25.18	65.63	0.08191
27.05	65.63	0.238
28.91	65.63	0.1255
30.78	65.63	1.249
32.64	65.63	0.1606
34.51	65.63	0.1695
36.37	65.63	0.228
38.24	65.63	0
4.663	67.5	0.04232
6.528	67.5	0.0785
8.394	67.5	0.04748
10.26	67.5	0.1498
12.12	67.5	0.01259
13.99	67.5	0.05308
15.85	67.5	0.05972
17.72	67.5	0.03005
19.59	67.5	0.04413
21.45	67.5	0.02781
23.32	67.5	0.05782
25.18	67.5	0.05727
27.05	67.5	2.616e-016
28.91	67.5	0
30.78	67.5	0
32.64	67.5	0.1375
34.51	67.5	0.07709
36.37	67.5	0.002412
38.24	67.5	0
4.663	69.38	0.07087
6.528	69.38	0.03295
8.394	69.38	0.08182
10.26	69.38	0.01956
12.12	69.38	0.0204
13.99	69.38	0.05149
15.85	69.38	0.009525
17.72	69.38	0.03831
19.59	69.38	0.03648
21.45	69.38	0.09918
23.32	69.38	0.1011
25.18	69.38	7.084e-005
27.05	69.38	0.1138
28.91	69.38	0.03788
30.78	69.38	0.07682
32.64	69.38	0.1355
34.51	69.38	1.417e-005
36.37	69.38	0.1048
38.24	69.38	0
4.663	71.25	0.03386
6.528	71.25	0.05752
8.394	71.25	0.06854
10.26	71.25	0.01082
12.12	71.25	0.007804
13.99	71.25	0.07858
15.85	71.25	0.0583
17.72	71.25	4.251e-005
19.59	71.25	0.1845
21.45	71.25	0.06811
23.32	71.25	0.04612
25.18	71.25	0.02018
27.05	71.25	0.01685
28.91	71.25	0.0957
30.78	71.25	0.03589
32.64	71.25	0.09612
34.51	71.25	0.07452
36.37	71.25	0.1512
38.24	71.25	0
4.663	73.13	0.02929
6.528	73.13	0.1024
8.394	73.13	0.0215
10.26	73.13	0.02149
12.12	73.13	0.04569
13.99	73.13	0.088
15.85	73.13	0.08066
17.72	73.13	0.157
19.59	73.13	0.06487
21.45	73.13	0.3586
23.32	73.13	0.06591
25.18	73.13	0.004341
27.05	73.13	0.01577
28.91	73.13	0
30.78	73.13	0.1561
32.64	73.13	0.03806
34.51	73.13	0.06254
36.37	73.13	0.2876
38.24	73.13	0
4.663	75	0.06552
6.528	75	6.102e-005
8.394	75	0.03369
10.26	75	0.0939
12.12	75	0.0419
13.99	75	0.1126
15.85	75	0.08995
17.72	75	0.1127
19.59	75	0.0004102
21.45	75	0.03861
23.32	75	0.05262
25.18	75	0.06635
27.05	75	0.01397
28.91	75	0.2382
30.78	75	0.02265
32.64	75	0.1414
34.51	75	0.07066
36.37	75	0.474
38.24	75	0
4.663	76.88	0.08789
6.528	76.88	0.002734
8.394	76.88	0.02618
10.26	76.88	0.08169
12.12	76.88	0.02873
13.99	76.88	0.03528
15.85	76.88	0.03091
17.72	76.88	0.0394
19.59	76.88	0.002303
21.45	76.88	0.08746
23.32	76.88	0.07227
25.18	76.88	0.03446
27.05	76.88	0
28.91	76.88	0.001948
30.78	76.88	0.07082
32.64	76.88	1.217
34.51	76.88	0.1707
36.37	76.88	0.142
38.24	76.88	0
4.663	78.75	0.09429
6.528	78.75	0.03565
8.394	78.75	0.08848
10.26	78.75	0.07246
12.12	78.75	0.01254
13.99	78.75	0.01229
15.85	78.75	0.02989
17.72	78.75	0.06767
19.59	78.75	0.05392
21.45	78.75	0.07583
23.32	78.75	0.003241
25.18	78.75	0.004805
27.05	78.75	0.0378
28.91	78.75	0.01181
30.78	78.75	0.1095
32.64	78.75	0.1694
34.51	78.75	0
36.37	78.75	0
38.24	78.75	0
4.663	80.63	0.0306
6.528	80.63	0.07574
8.394	80.63	0.01677
10.26	80.63	0.03807
12.12	80.63	0.04139
13.99	80.63	0.01304
15.85	80.63	0.02226
17.72	80.63	0.03216
19.59	80.63	0.02628
21.45	80.63	0.00833
23.32	80.63	0.008668
25.18	80.63	0.01127
27.05	80.63	0.0237
28.91	80.63	0.2894
30.78	80.63	0
32.64	80.63	0
34.51	80.63	0
36.37	80.63	0
38.24	80.63	0
4.663	82.5	0.02955
6.528	82.5	0.04845
8.394	82.5	0.05167
10.26	82.5	0.008073
12.12	82.5	0.04907
13.99	82.5	0.112
15.85	82.5	0.02366
17.72	82.5	0.02665
19.59	82.5	0.01197
21.45	82.5	0.0284
23.32	82.5	2.341e-005
25.18	82.5	0.01338
27.05	82.5	0
28.91	82.5	0
30.78	82.5	0
32.64	82.5	0
34.51	82.5	0
36.37	82.5	0
38.24	82.5	0
4.663	84.38	0.09244
6.528	84.38	0.07664
8.394	84.38	0.05742
10.26	84.38	0.0229
12.12	84.38	0.09789
13.99	84.38	0.02466
15.85	84.38	0.01258
17.72	84.38	0.01809
19.59	84.38	0.03725
21.45	84.38	0.009852
23.32	84.38	0.008837
25.18	84.38	0.03324
27.05	84.38	0
28.91	84.38	0
30.78	84.38	0
32.64	84.38	0
34.51	84.38	0
36.37	84.38	0
38.24	84.38	0
4.663	86.25	0.088
6.528	86.25	0.0907
8.394	86.25	0.213
10.26	86.25	0.004588
12.12	86.25	0.02142
13.99	86.25	0.04327
15.85	86.25	4.014e-005
17.72	86.25	0.002407
19.59	86.25	0.07064
21.45	86.25	0
23.32	86.25	0
25.18	86.25	0
27.05	86.25	0
28.91	86.25	0
30.78	86.25	0
32.64	86.25	0
34.51	86.25	0
36.37	86.25	0
38.24	86.25	0
4.663	88.13	0.01996
6.528	88.13	0.008745
8.394	88.13	0.01442
10.26	88.13	0.05519
12.12	88.13	0.03864
13.99	88.13	0.001175
15.85	88.13	0.009445
17.72	88.13	0.05712
19.59	88.13	0
21.45	88.13	0
23.32	88.13	0
25.18	88.13	0
27.05	88.13	0
28.91	88.13	0
30.78	88.13	0
32.64	88.13	0
34.51	88.13	0
36.37	88.13	0
38.24	88.13	0
4.663	90	0.07696
6.528	90	0.08616
8.394	90	0.06879
10.26	90	0.03184
12.12	90	1.932e-006
13.99	90	0.1717
15.85	90	0.04573
17.72	90	0.3549
19.59	90	0
21.45	90	0
23.32	90	0
25.18	90	0
27.05	90	0
28.91	90	0
30.78	90	0
32.64	90	0
34.51	90	0
36.37	90	0
38.24	90	0
4.663	91.88	0.1426
6.528	91.88	0.1171
8.394	91.88	0.01251
10.26	91.88	0.05237
12.12	91.88	0.007702
13.99	91.88	0.004295
15.85	91.88	0
17.72	91.88	0
19.59	91.88	0
21.45	91.88	0
23.32	91.88	0
25.18	91.88	0
27.05	91.88	0
28.91	91.88	0
30.78	91.88	0
32.64	91.88	0
34.51	91.88	0
36.37	91.88	0
38.24	91.88	0
4.663	93.75	0.07213
6.528	93.75	0.1923
8.394	93.75	0.3044
10.26	93.75	0.1397
12.12	93.75	0.06899
13.99	93.75	0
15.85	93.75	0
17.72	93.75	0
19.59	93.75	0
21.45	93.75	0
23.32	93.75	0
25.18	93.75	0
27.05	93.75	0
28.91	93.75	0
30.78	93.75	0
32.64	93.75	0
34.51	93.75	0
36.37	93.75	0
38.24	93.75	0
4.663	95.63	0.04409
6.528	95.63	0
8.394	95.63	0.1764
10.26	95.63	0.05676
12.12	95.63	0
13.99	95.63	0
15.85	95.63	0
17.72	95.63	0
19.59	95.63	0
21.45	95.63	0
23.32	95.63	0
25.18	95.63	0
27.05	95.63	0
28.91	95.63	0
30.78	95.63	0
32.64	95.63	0
34.51	95.63	0
36.37	95.63	0
38.24	95.63	0
4.663	97.5	0
6.528	97.5	0
8.394	97.5	0
10.26	97.5	0
12.12	97.5	0
13.99	97.5	0
15.85	97.5	0
17.72	97.5	0
19.59	97.5	0
21.45	97.5	0
23.32	97.5	0
25.18	97.5	0
27.05	97.5	0
28.91	97.5	0
30.78	97.5	0
32.64	97.5	0
34.51	97.5	0
36.37	97.5	0
38.24	97.5	0
4.663	99.38	0.4182
6.528	99.38	0
8.394	99.38	0
10.26	99.38	0
12.12	99.38	0
13.99	99.38	0
15.85	99.38	0
17.72	99.38	0
19.59	99.38	0
21.45	99.38	0
23.32	99.38	0
25.18	99.38	0
27.05	99.38	0
28.91	99.38	0
30.78	99.38	0
32.64	99.38	0
34.51	99.38	0
36.37	99.38	0
38.24	99.38	0
4.663	101.3	0
6.528	101.3	0
8.394	101.3	0
10.26	101.3	0
12.12	101.3	0
13.99	101.3	0
15.85	101.3	0
17.72	101.3	0
19.59	101.3	0
21.45	101.3	0
23.32	101.3	0
25.18	101.3	0
27.05	101.3	0
28.91	101.3	0
30.78	101.3	0
32.64	101.3	0
34.51	101.3	0
36.37	101.3	0
38.24	101.3	0
4.663	103.1	0
6.528	103.1	0
8.394	103.1	0
10.26	103.1	0
12.12	103.1	0
13.99	103.1	0
15.85	103.1	0
17.72	103.1	0
19.59	103.1	0
21.45	103.1	0
23.32	103.1	0
25.18	103.1	0
27.05	103.1	0
28.91	103.1	0
30.78	103.1	0
32.64	103.1	0
34.51	103.1	0
36.37	103.1	0
38.24	103.1	0
4.663	105	0
6.528	105	0
8.394	105	0
10.26	105	0
12.12	105	0
13.99	105	0
15.85	105	0
17.72	105	0
19.59	105	0
21.45	105	0
23.32	105	0
25.18	105	0
27.05	105	0
28.91	105	0
30.78	105	0
32.64	105	0
34.51	105	0
36.37	105	0
38.24	105	0
4.663	106.9	0
6.528	106.9	0
8.394	106.9	0
10.26	106.9	0
12.12	106.9	0
13.99	106.9	0
15.85	106.9	0
17.72	106.9	0
19.59	106.9	0
21.45	106.9	0
23.32	106.9	0
25.18	106.9	0
27.05	106.9	0
28.91	106.9	0
30.78	106.9	0
32.64	106.9	0
34.51	106.9	0
36.37	106.9	0
38.24	106.9	0
4.663	108.8	0
6.528	108.8	0
8.394	108.8	0
10.26	108.8	0
12.12	108.8	0
13.99	108.8	0
15.85	108.8	0
17.72	108.8	0
19.59	108.8	0
21.45	108.8	0
23.32	108.8	0
25.18	108.8	0
27.05	108.8	0
28.91	108.8	0
30.78	108.8	0
32.64	108.8	0
34.51	108.8	0
36.37	108.8	0
38.24	108.8	0
4.663	110.6	0
6.528	110.6	0
8.394	110.6	0
10.26	110.6	0
12.12	110.6	0
13.99	110.6	0
15.85	110.6	0
17.72	110.6	0
19.59	110.6	0
21.45	110.6	0
23.32	110.6	0
25.18	110.6	0
27.05	110.6	0
28.91	110.6	0
30.78	110.6	0
32.64	110.6	0
34.51	110.6	0
36.37	110.6	0
38.24	110.6	0
4.663	112.5	0
6.528	112.5	0
8.394	112.5	0
10.26	112.5	0
12.12	112.5	0
13.99	112.5	0
15.85	112.5	0
17.72	112.5	0
19.59	112.5	0
21.45	112.5	0
23.32	112.5	0
25.18	112.5	0
27.05	112.5	0
28.91	112.5	0
30.78	112.5	0
32.64	112.5	0
34.51	112.5	0
36.37	112.5	0
38.24	112.5	0
4.663	114.4	0
6.528	114.4	0
8.394	114.4	0
10.26	114.4	0
12.12	114.4	0
13.99	114.4	0
15.85	114.4	0
17.72	114.4	0
19.59	114.4	0
21.45	114.4	0
23.32	114.4	0
25.18	114.4	0
27.05	114.4	0
28.91	114.4	0
30.78	114.4	0
32.64	114.4	0
34.51	114.4	0.05985
36.37	114.4	0
38.24	114.4	0
4.663	116.3	0
6.528	116.3	0
8.394	116.3	0
10.26	116.3	0
12.12	116.3	0
13.99	116.3	0
15.85	116.3	0
17.72	116.3	0
19.59	116.3	0
21.45	116.3	0
23.32	116.3	0
25.18	116.3	0
27.05	116.3	0
28.91	116.3	0
30.78	116.3	0
32.64	116.3	0.09363
34.51	116.3	0.04512
36.37	116.3	0
38.24	116.3	0
4.663	118.1	0
6.528	118.1	0
8.394	118.1	0
10.26	118.1	0
12.12	118.1	0
13.99	118.1	0
15.85	118.1	0
17.72	118.1	0
19.59	118.1	0
21.45	118.1	0
23.32	118.1	0
25.18	118.1	0
27.05	118.1	0
28.91	118.1	0
30.78	118.1	0.07293
32.64	118.1	0.1581
34.51	118.1	0.3314
36.37	118.1	0
38.24	118.1	0
