4.663	30	0
6.528	30	0
8.394	30	0
10.26	30	0
12.12	30	0
13.99	30	0
15.85	30	0
17.72	30	0
19.59	30	0
21.45	30	0
23.32	30	0
25.18	30	0
27.05	30	0
28.91	30	0.09708
30.78	30	0.01294
32.64	30	0.07123
34.51	30	0.1635
36.37	30	0.02673
38.24	30	0
4.663	31.88	0
6.528	31.88	0
8.394	31.88	0
10.26	31.88	0
12.12	31.88	0
13.99	31.88	0
15.85	31.88	0
17.72	31.88	0
19.59	31.88	0
21.45	31.88	0
23.32	31.88	0
25.18	31.88	0
27.05	31.88	0.184
28.91	31.88	0.06015
30.78	31.88	0.006617
32.64	31.88	0.26
34.51	31.88	0.05688
36.37	31.88	0.1189
38.24	31.88	0
4.663	33.75	0
6.528	33.75	0
8.394	33.75	0
10.26	33.75	0
12.12	33.75	0
13.99	33.75	0
15.85	33.75	0
17.72	33.75	0
19.59	33.75	0
21.45	33.75	0
23.32	33.75	0
25.18	33.75	0.1965
27.05	33.75	0.175
28.91	33.75	0.0114
30.78	33.75	0.1609
32.64	33.75	0.1533
34.51	33.75	0.1108
36.37	33.75	0.1849
38.24	33.75	0
4.663	35.63	0
6.528	35.63	0
8.394	35.63	0
10.26	35.63	0
12.12	35.63	0
13.99	35.63	0
15.85	35.63	0
17.72	35.63	0
19.59	35.63	0
21.45	35.63	0.2875
23.32	35.63	0.1466
25.18	35.63	0.1563
27.05	35.63	0.1719
28.91	35.63	0.2089
30.78	35.63	0.2506
32.64	35.63	0.005038
34.51	35.63	0.01943
36.37	35.63	0.01835
38.24	35.63	0
4.663	37.5	0
6.528	37.5	0
8.394	37.5	0
10.26	37.5	0
12.12	37.5	0
13.99	37.5	0
15.85	37.5	0
17.72	37.5	0
19.59	37.5	0.2102
21.45	37.5	0.1413
23.32	37.5	0.1351
25.18	37.5	0.1718
27.05	37.5	0.03606
28.91	37.5	0.2334
30.78	37.5	0.2578
32.64	37.5	0.1124
34.51	37.5	0.11
36.37	37.5	0.01504
38.24	37.5	0
4.663	39.38	0
6.528	39.38	0
8.394	39.38	0
10.26	39.38	0
12.12	39.38	0
13.99	39.38	0
15.85	39.38	0
17.72	39.38	0.1967
19.59	39.38	0.2825
21.45	39.38	0.1639
23.32	39.38	0.03747
25.18	39.38	0.4868
27.05	39.38	0.138
28.91	39.38	0.2576
30.78	39.38	0.266
32.64	39.38	0.07866
34.51	39.38	0.05994
36.37	39.38	0.03844
38.24	39.38	0
4.663	41.25	0
6.528	41.25	0
8.394	41.25	0
10.26	41.25	0
12.12	41.25	0
13.99	41.25	0
15.85	41.25	0.3116
17.72	41.25	0.1841
19.59	41.25	0.1976
21.45	41.25	0.2175
23.32	41.25	0.4677
25.18	41.25	0.3263
27.05	41.25	0.1966
28.91	41.25	0.1852
30.78	41.25	0.2168
32.64	41.25	0.1837
34.51	41.25	0.1108
36.37	41.25	0.2691
38.24	41.25	0
4.663	43.13	0
6.528	43.13	0
8.394	43.13	0
10.26	43.13	0
12.12	43.13	0.1049
13.99	43.13	0.2794
15.85	43.13	0.005675
17.72	43.13	0.3033
19.59	43.13	0.1119
21.45	43.13	0.143
23.32	43.13	0.14
25.18	43.13	0.2896
27.05	43.13	0.3529
28.91	43.13	0.257
30.78	43.13	0.1028
32.64	43.13	0.08778
34.51	43.13	0
36.37	43.13	0.05554
38.24	43.13	0
4.663	45	0
6.528	45	0
8.394	45	0
10.26	45	0.231
12.12	45	1.006e-006
13.99	45	0.159
15.85	45	0.1529
17.72	45	0.3239
19.59	45	0.2671
21.45	45	0.2867
23.32	45	0.1908
25.18	45	0.4406
27.05	45	0.09776
28.91	45	0.1025
30.78	45	0.02299
32.64	45	2.394e-005
34.51	45	0
36.37	45	0.5836
38.24	45	0
4.663	46.88	0
6.528	46.88	0
8.394	46.88	0.1974
10.26	46.88	0.1244
12.12	46.88	0.1179
13.99	46.88	0.117
15.85	46.88	0.206
17.72	46.88	0.1323
19.59	46.88	0.249
21.45	46.88	0.232
23.32	46.88	0.2594
25.18	46.88	0.00961
27.05	46.88	0.2739
28.91	46.88	0.02154
30.78	46.88	0.02544
32.64	46.88	0.1382
34.51	46.88	0.1156
36.37	46.88	0.8707
38.24	46.88	0
4.663	48.75	0
6.528	48.75	0.1433
8.394	48.75	0.0799
10.26	48.75	0.3208
12.12	48.75	0.1371
13.99	48.75	0.2093
15.85	48.75	0.389
17.72	48.75	0.2847
19.59	48.75	0.06897
21.45	48.75	0.1908
23.32	48.75	0.1062
25.18	48.75	0.1379
27.05	48.75	0.2255
28.91	48.75	0.09306
30.78	48.75	0.006297
32.64	48.75	0.04562
34.51	48.75	0.05945
36.37	48.75	0.2825
38.24	48.75	0
4.663	50.63	0.1336
6.528	50.63	0.06623
8.394	50.63	0.09714
10.26	50.63	0.1088
12.12	50.63	0.4423
13.99	50.63	0.1972
15.85	50.63	0.2143
17.72	50.63	0.2188
19.59	50.63	0.1024
21.45	50.63	0.2575
23.32	50.63	0.01265
25.18	50.63	0.07091
27.05	50.63	0.134
28.91	50.63	0.04208
30.78	50.63	0.1636
32.64	50.63	0.09715
34.51	50.63	0.06634
36.37	50.63	0.2684
38.24	50.63	0
4.663	52.5	0.09622
6.528	52.5	0.06141
8.394	52.5	0.05445
10.26	52.5	0.1128
12.12	52.5	0.1172
13.99	52.5	0.1157
15.85	52.5	0.1968
17.72	52.5	0.3189
19.59	52.5	0.1349
21.45	52.5	0
23.32	52.5	0.3213
25.18	52.5	0.07244
27.05	52.5	0.05448
28.91	52.5	0.06591
30.78	52.5	0.03302
32.64	52.5	0.07611
34.51	52.5	0.08911
36.37	52.5	0.1585
38.24	52.5	0
4.663	54.38	0.05615
6.528	54.38	0.06376
8.394	54.38	0.1447
10.26	54.38	0.08612
12.12	54.38	0.1251
13.99	54.38	0.1767
15.85	54.38	0.3144
17.72	54.38	0.2041
19.59	54.38	0.6158
21.45	54.38	0.4841
23.32	54.38	0.06891
25.18	54.38	0.01742
27.05	54.38	0.4919
28.91	54.38	0.08155
30.78	54.38	0.04166
32.64	54.38	0.07228
34.51	54.38	0.04512
36.37	54.38	0.04328
38.24	54.38	0
4.663	56.25	0.099
6.528	56.25	0.07988
8.394	56.25	0.101
10.26	56.25	0.1004
12.12	56.25	0.1568
13.99	56.25	0.1313
15.85	56.25	0.1377
17.72	56.25	0.3032
19.59	56.25	0.2684
21.45	56.25	0
23.32	56.25	0.04452
25.18	56.25	0.1276
27.05	56.25	0.1163
28.91	56.25	0.06069
30.78	56.25	0.02262
32.64	56.25	0.004805
34.51	56.25	0.00149
36.37	56.25	0.07513
38.24	56.25	0
4.663	58.13	0.07556
6.528	58.13	0.1299
8.394	58.13	0.0625
10.26	58.13	0.1359
12.12	58.13	0.1156
13.99	58.13	0.1149
15.85	58.13	0.3158
17.72	58.13	0.117
19.59	58.13	0
21.45	58.13	0.2156
23.32	58.13	0
25.18	58.13	0.04265
27.05	58.13	0.04875
28.91	58.13	0.00961
30.78	58.13	0.06374
32.64	58.13	0.04065
34.51	58.13	0.0001571
36.37	58.13	0.007208
38.24	58.13	0
4.663	60	0.07808
6.528	60	0.1676
8.394	60	0.008785
10.26	60	0.09056
12.12	60	0.08361
13.99	60	0.2316
15.85	60	0.04758
17.72	60	0
19.59	60	0
21.45	60	0
23.32	60	0
25.18	60	0.05828
27.05	60	0.0542
28.91	60	0.05905
30.78	60	0.01274
32.64	60	0.03627
34.51	60	0.009574
36.37	60	0.08013
38.24	60	0
4.663	61.88	0.05649
6.528	61.88	0.06112
8.394	61.88	0.04239
10.26	61.88	0.07179
12.12	61.88	0.1169
13.99	61.88	0.2493
15.85	61.88	0.4815
17.72	61.88	0.1791
19.59	61.88	0
21.45	61.88	0
23.32	61.88	0.1083
25.18	61.88	0.1586
27.05	61.88	0.001033
28.91	61.88	0.08767
30.78	61.88	0.0169
32.64	61.88	0.05071
34.51	61.88	0.06754
36.37	61.88	0.03062
38.24	61.88	0
4.663	63.75	0.05789
6.528	63.75	0.0408
8.394	63.75	0.06076
10.26	63.75	0.0843
12.12	63.75	0.5707
13.99	63.75	0.2138
15.85	63.75	0
17.72	63.75	0.03387
19.59	63.75	0
21.45	63.75	0.01874
23.32	63.75	0.1241
25.18	63.75	0.05116
27.05	63.75	0.0666
28.91	63.75	9.429e-016
30.78	63.75	1.215e-015
32.64	63.75	0.003384
34.51	63.75	0.05152
36.37	63.75	0.01219
38.24	63.75	0
4.663	65.63	0.03492
6.528	65.63	0.05191
8.394	65.63	0.1088
10.26	65.63	0.1228
12.12	65.63	0.1391
13.99	65.63	0
15.85	65.63	0.1718
17.72	65.63	0.05945
19.59	65.63	0
21.45	65.63	0.06233
23.32	65.63	0.07424
25.18	65.63	0.1354
27.05	65.63	0.02148
28.91	65.63	0.04906
30.78	65.63	0.03674
32.64	65.63	0.02549
34.51	65.63	0.00616
36.37	65.63	0.03369
38.24	65.63	0
4.663	67.5	0.05825
6.528	67.5	0.08684
8.394	67.5	0.1679
10.26	67.5	0.1602
12.12	67.5	0
13.99	67.5	0.07856
15.85	67.5	0.0641
17.72	67.5	0
19.59	67.5	0
21.45	67.5	0
23.32	67.5	0.9444
25.18	67.5	0.05415
27.05	67.5	0.0635
28.91	67.5	0.0592
30.78	67.5	0.05583
32.64	67.5	0.03716
34.51	67.5	0.059
36.37	67.5	0.001822
38.24	67.5	0
4.663	69.38	0.05288
6.528	69.38	0.1765
8.394	69.38	0.1018
10.26	69.38	0.1283
12.12	69.38	0.00844
13.99	69.38	0.07979
15.85	69.38	0.01493
17.72	69.38	0.03311
19.59	69.38	0
21.45	69.38	0.8133
23.32	69.38	0
25.18	69.38	0.003552
27.05	69.38	0.005361
28.91	69.38	0.1434
30.78	69.38	0.00961
32.64	69.38	0.00983
34.51	69.38	0.245
36.37	69.38	0.1297
38.24	69.38	0
4.663	71.25	0.1139
6.528	71.25	0.05762
8.394	71.25	0.1513
10.26	71.25	0.006112
12.12	71.25	0.00961
13.99	71.25	0.0864
15.85	71.25	0.1463
17.72	71.25	0.1216
19.59	71.25	0.0366
21.45	71.25	0.03368
23.32	71.25	0.000746
25.18	71.25	0.007727
27.05	71.25	8.265e-006
28.91	71.25	0.04719
30.78	71.25	0.0396
32.64	71.25	0.03224
34.51	71.25	0.02885
36.37	71.25	0.08556
38.24	71.25	0
4.663	73.13	0.06327
6.528	73.13	0.08826
8.394	73.13	0.04645
10.26	73.13	0.001551
12.12	73.13	0.1729
13.99	73.13	0.1127
15.85	73.13	0.1415
17.72	73.13	0.0866
19.59	73.13	0.08484
21.45	73.13	0.00826
23.32	73.13	0.006233
25.18	73.13	0.03535
27.05	73.13	2.106e-014
28.91	73.13	0
30.78	73.13	0.01226
32.64	73.13	0.01442
34.51	73.13	0.04191
36.37	73.13	0.1016
38.24	73.13	0
4.663	75	0.05115
6.528	75	0.1048
8.394	75	0.04594
10.26	75	0.09008
12.12	75	0.3234
13.99	75	0.1853
15.85	75	0.1732
17.72	75	0.0537
19.59	75	0.1014
21.45	75	0.01252
23.32	75	0
25.18	75	0.07376
27.05	75	0.03059
28.91	75	0.06083
30.78	75	0.01717
32.64	75	0.007234
34.51	75	0.1415
36.37	75	0.4567
38.24	75	0
4.663	76.88	0.08512
6.528	76.88	0.08918
8.394	76.88	0.4146
10.26	76.88	0.1031
12.12	76.88	0.09508
13.99	76.88	0.134
15.85	76.88	0.0608
17.72	76.88	0.08673
19.59	76.88	0
21.45	76.88	5.482e-005
23.32	76.88	0.1042
25.18	76.88	5.667e-005
27.05	76.88	0
28.91	76.88	0.09625
30.78	76.88	0.3326
32.64	76.88	0.02001
34.51	76.88	0
36.37	76.88	0.09444
38.24	76.88	0
4.663	78.75	0.109
6.528	78.75	0.06904
8.394	78.75	0.06393
10.26	78.75	0.07158
12.12	78.75	0.103
13.99	78.75	0.09807
15.85	78.75	0.1295
17.72	78.75	0.1915
19.59	78.75	0.1311
21.45	78.75	0
23.32	78.75	0.007193
25.18	78.75	0.06367
27.05	78.75	0.01971
28.91	78.75	0.04639
30.78	78.75	0.1685
32.64	78.75	0
34.51	78.75	0
36.37	78.75	0
38.24	78.75	0
4.663	80.63	0.05321
6.528	80.63	0.06129
8.394	80.63	0.09773
10.26	80.63	0.09566
12.12	80.63	0.1205
13.99	80.63	0.07218
15.85	80.63	0.1059
17.72	80.63	0
19.59	80.63	0
21.45	80.63	0.06982
23.32	80.63	0.03724
25.18	80.63	0.002028
27.05	80.63	0.01578
28.91	80.63	0.1615
30.78	80.63	0
32.64	80.63	0
34.51	80.63	0
36.37	80.63	0
38.24	80.63	0
4.663	82.5	0.04153
6.528	82.5	0.04802
8.394	82.5	0.1005
10.26	82.5	0.08482
12.12	82.5	0.1172
13.99	82.5	0.1171
15.85	82.5	0.1471
17.72	82.5	0
19.59	82.5	0.09145
21.45	82.5	0.001209
23.32	82.5	0.01601
25.18	82.5	0.01663
27.05	82.5	0.05317
28.91	82.5	0
30.78	82.5	0
32.64	82.5	0
34.51	82.5	0
36.37	82.5	0
38.24	82.5	0
4.663	84.38	0.04811
6.528	84.38	0.03006
8.394	84.38	0.07765
10.26	84.38	0.06732
12.12	84.38	0.1201
13.99	84.38	0.1188
15.85	84.38	0
17.72	84.38	0
19.59	84.38	0.01479
21.45	84.38	0.005327
23.32	84.38	0.01462
25.18	84.38	0.0649
27.05	84.38	0
28.91	84.38	0
30.78	84.38	0
32.64	84.38	0
34.51	84.38	0
36.37	84.38	0
38.24	84.38	0
4.663	86.25	0.0375
6.528	86.25	0.01614
8.394	86.25	0.08389
10.26	86.25	0.1791
12.12	86.25	0.1067
13.99	86.25	0.1965
15.85	86.25	0
17.72	86.25	0.005287
19.59	86.25	0.003622
21.45	86.25	0.06053
23.32	86.25	0
25.18	86.25	0
27.05	86.25	0
28.91	86.25	0
30.78	86.25	0
32.64	86.25	0
34.51	86.25	0
36.37	86.25	0
38.24	86.25	0
4.663	88.13	0.02038
6.528	88.13	0.1234
8.394	88.13	0.1699
10.26	88.13	0.09183
12.12	88.13	0.08238
13.99	88.13	0.2562
15.85	88.13	0.0302
17.72	88.13	0.04979
19.59	88.13	0
21.45	88.13	0
23.32	88.13	0
25.18	88.13	0
27.05	88.13	0
28.91	88.13	0
30.78	88.13	0
32.64	88.13	0
34.51	88.13	0
36.37	88.13	0
38.24	88.13	0
4.663	90	0.1445
6.528	90	0.5241
8.394	90	0.06435
10.26	90	0.08791
12.12	90	0.05691
13.99	90	0.03031
15.85	90	0.02358
17.72	90	0
19.59	90	0
21.45	90	0
23.32	90	0
25.18	90	0
27.05	90	0
28.91	90	0
30.78	90	0
32.64	90	0
34.51	90	0
36.37	90	0
38.24	90	0
4.663	91.88	0.07095
6.528	91.88	0.06048
8.394	91.88	0.06639
10.26	91.88	0
12.12	91.88	0
13.99	91.88	0.06757
15.85	91.88	0
17.72	91.88	0
19.59	91.88	0
21.45	91.88	0
23.32	91.88	0
25.18	91.88	0
27.05	91.88	0
28.91	91.88	0
30.78	91.88	0
32.64	91.88	0
34.51	91.88	0
36.37	91.88	0
38.24	91.88	0
4.663	93.75	0.09801
6.528	93.75	0.04569
8.394	93.75	0.08464
10.26	93.75	0.07131
12.12	93.75	0
13.99	93.75	0
15.85	93.75	0
17.72	93.75	0
19.59	93.75	0
21.45	93.75	0
23.32	93.75	0
25.18	93.75	0
27.05	93.75	0
28.91	93.75	0
30.78	93.75	0
32.64	93.75	0
34.51	93.75	0
36.37	93.75	0
38.24	93.75	0
4.663	95.63	0.008571
6.528	95.63	0.02243
8.394	95.63	0
10.26	95.63	0
12.12	95.63	0
13.99	95.63	0
15.85	95.63	0
17.72	95.63	0
19.59	95.63	0
21.45	95.63	0
23.32	95.63	0
25.18	95.63	0
27.05	95.63	0
28.91	95.63	0
30.78	95.63	0
32.64	95.63	0
34.51	95.63	0
36.37	95.63	0
38.24	95.63	0
4.663	97.5	0.1631
6.528	97.5	0
8.394	97.5	0
10.26	97.5	0
12.12	97.5	0
13.99	97.5	0
15.85	97.5	0
17.72	97.5	0
19.59	97.5	0
21.45	97.5	0
23.32	97.5	0
25.18	97.5	0
27.05	97.5	0
28.91	97.5	0
30.78	97.5	0
32.64	97.5	0
34.51	97.5	0
36.37	97.5	0
38.24	97.5	0
4.663	99.38	0
6.528	99.38	0
8.394	99.38	0
10.26	99.38	0
12.12	99.38	0
13.99	99.38	0
15.85	99.38	0
17.72	99.38	0
19.59	99.38	0
21.45	99.38	0
23.32	99.38	0
25.18	99.38	0
27.05	99.38	0
28.91	99.38	0
30.78	99.38	0
32.64	99.38	0
34.51	99.38	0
36.37	99.38	0
38.24	99.38	0
4.663	101.3	0
6.528	101.3	0
8.394	101.3	0
10.26	101.3	0
12.12	101.3	0
13.99	101.3	0
15.85	101.3	0
17.72	101.3	0
19.59	101.3	0
21.45	101.3	0
23.32	101.3	0
25.18	101.3	0
27.05	101.3	0
28.91	101.3	0
30.78	101.3	0
32.64	101.3	0
34.51	101.3	0
36.37	101.3	0
38.24	101.3	0
4.663	103.1	0
6.528	103.1	0
8.394	103.1	0
10.26	103.1	0
12.12	103.1	0
13.99	103.1	0
15.85	103.1	0
17.72	103.1	0
19.59	103.1	0
21.45	103.1	0
23.32	103.1	0
25.18	103.1	0
27.05	103.1	0
28.91	103.1	0
30.78	103.1	0
32.64	103.1	0
34.51	103.1	0
36.37	103.1	0
38.24	103.1	0
4.663	105	0
6.528	105	0
8.394	105	0
10.26	105	0
12.12	105	0
13.99	105	0
15.85	105	0
17.72	105	0
19.59	105	0
21.45	105	0
23.32	105	0
25.18	105	0
27.05	105	0
28.91	105	0
30.78	105	0
32.64	105	0
34.51	105	0
36.37	105	0
38.24	105	0
4.663	106.9	0
6.528	106.9	0
8.394	106.9	0
10.26	106.9	0
12.12	106.9	0
13.99	106.9	0
15.85	106.9	0
17.72	106.9	0
19.59	106.9	0
21.45	106.9	0
23.32	106.9	0
25.18	106.9	0
27.05	106.9	0
28.91	106.9	0
30.78	106.9	0
32.64	106.9	0
34.51	106.9	0
36.37	106.9	0
38.24	106.9	0
4.663	108.8	0
6.528	108.8	0
8.394	108.8	0
10.26	108.8	0
12.12	108.8	0
13.99	108.8	0
15.85	108.8	0
17.72	108.8	0
19.59	108.8	0
21.45	108.8	0
23.32	108.8	0
25.18	108.8	0
27.05	108.8	0
28.91	108.8	0
30.78	108.8	0
32.64	108.8	0
34.51	108.8	0
36.37	108.8	0
38.24	108.8	0
4.663	110.6	0
6.528	110.6	0
8.394	110.6	0
10.26	110.6	0
12.12	110.6	0
13.99	110.6	0
15.85	110.6	0
17.72	110.6	0
19.59	110.6	0
21.45	110.6	0
23.32	110.6	0
25.18	110.6	0
27.05	110.6	0
28.91	110.6	0
30.78	110.6	0
32.64	110.6	0
34.51	110.6	0
36.37	110.6	0
38.24	110.6	0
4.663	112.5	0
6.528	112.5	0
8.394	112.5	0
10.26	112.5	0
12.12	112.5	0
13.99	112.5	0
15.85	112.5	0
17.72	112.5	0
19.59	112.5	0
21.45	112.5	0
23.32	112.5	0
25.18	112.5	0
27.05	112.5	0
28.91	112.5	0
30.78	112.5	0
32.64	112.5	0
34.51	112.5	0
36.37	112.5	0
38.24	112.5	0
4.663	114.4	0
6.528	114.4	0
8.394	114.4	0
10.26	114.4	0
12.12	114.4	0
13.99	114.4	0
15.85	114.4	0
17.72	114.4	0
19.59	114.4	0
21.45	114.4	0
23.32	114.4	0
25.18	114.4	0
27.05	114.4	0
28.91	114.4	0
30.78	114.4	0
32.64	114.4	0
34.51	114.4	0.04185
36.37	114.4	0
38.24	114.4	0
4.663	116.3	0
6.528	116.3	0
8.394	116.3	0
10.26	116.3	0
12.12	116.3	0
13.99	116.3	0
15.85	116.3	0
17.72	116.3	0
19.59	116.3	0
21.45	116.3	0
23.32	116.3	0
25.18	116.3	0
27.05	116.3	0
28.91	116.3	0
30.78	116.3	0
32.64	116.3	0.1339
34.51	116.3	0.08099
36.37	116.3	0
38.24	116.3	0
4.663	118.1	0
6.528	118.1	0
8.394	118.1	0
10.26	118.1	0
12.12	118.1	0
13.99	118.1	0
15.85	118.1	0
17.72	118.1	0
19.59	118.1	0
21.45	118.1	0
23.32	118.1	0
25.18	118.1	0
27.05	118.1	0
28.91	118.1	0
30.78	118.1	0.1208
32.64	118.1	0.07374
34.51	118.1	0.02026
36.37	118.1	0
38.24	118.1	0
