4.663	30	0
6.528	30	0
8.394	30	0
10.26	30	0
12.12	30	0
13.99	30	0
15.85	30	0
17.72	30	0
19.59	30	0
21.45	30	0
23.32	30	0
25.18	30	0
27.05	30	0
28.91	30	0.03698
30.78	30	0.006812
32.64	30	0.01247
34.51	30	0.005421
36.37	30	0.004031
38.24	30	0
4.663	31.88	0
6.528	31.88	0
8.394	31.88	0
10.26	31.88	0
12.12	31.88	0
13.99	31.88	0
15.85	31.88	0
17.72	31.88	0
19.59	31.88	0
21.45	31.88	0
23.32	31.88	0
25.18	31.88	0
27.05	31.88	0.008012
28.91	31.88	0.006924
30.78	31.88	0.009216
32.64	31.88	0.01087
34.51	31.88	0.08575
36.37	31.88	0.0333
38.24	31.88	0
4.663	33.75	0
6.528	33.75	0
8.394	33.75	0
10.26	33.75	0
12.12	33.75	0
13.99	33.75	0
15.85	33.75	0
17.72	33.75	0
19.59	33.75	0
21.45	33.75	0
23.32	33.75	0
25.18	33.75	3.197e-011
27.05	33.75	0.00729
28.91	33.75	0.02319
30.78	33.75	0.007384
32.64	33.75	0.006849
34.51	33.75	0.08951
36.37	33.75	0.0137
38.24	33.75	0
4.663	35.63	0
6.528	35.63	0
8.394	35.63	0
10.26	35.63	0
12.12	35.63	0
13.99	35.63	0
15.85	35.63	0
17.72	35.63	0
19.59	35.63	0
21.45	35.63	0.1157
23.32	35.63	0.01941
25.18	35.63	0.004892
27.05	35.63	0.008018
28.91	35.63	0.01261
30.78	35.63	0.006752
32.64	35.63	0.01949
34.51	35.63	0.04434
36.37	35.63	0.1397
38.24	35.63	0
4.663	37.5	0
6.528	37.5	0
8.394	37.5	0
10.26	37.5	0
12.12	37.5	0
13.99	37.5	0
15.85	37.5	0
17.72	37.5	0
19.59	37.5	0.06227
21.45	37.5	0.1384
23.32	37.5	0.00541
25.18	37.5	0.008345
27.05	37.5	0.007173
28.91	37.5	0.00961
30.78	37.5	0.02228
32.64	37.5	0.03153
34.51	37.5	0.04895
36.37	37.5	0.0707
38.24	37.5	0
4.663	39.38	0
6.528	39.38	0
8.394	39.38	0
10.26	39.38	0
12.12	39.38	0
13.99	39.38	0
15.85	39.38	0
17.72	39.38	0.03783
19.59	39.38	0.1945
21.45	39.38	0.009534
23.32	39.38	0.009833
25.18	39.38	0.006539
27.05	39.38	0.01213
28.91	39.38	0.01141
30.78	39.38	0.01566
32.64	39.38	0.01442
34.51	39.38	0
36.37	39.38	0
38.24	39.38	0
4.663	41.25	0
6.528	41.25	0
8.394	41.25	0
10.26	41.25	0
12.12	41.25	0
13.99	41.25	0
15.85	41.25	0.0813
17.72	41.25	0.2691
19.59	41.25	0.03368
21.45	41.25	0.01132
23.32	41.25	0.03976
25.18	41.25	0.01369
27.05	41.25	0.03847
28.91	41.25	0.0101
30.78	41.25	0.007016
32.64	41.25	0.01195
34.51	41.25	0.004329
36.37	41.25	0
38.24	41.25	0
4.663	43.13	0
6.528	43.13	0
8.394	43.13	0
10.26	43.13	0
12.12	43.13	0.07552
13.99	43.13	0.06817
15.85	43.13	0.07203
17.72	43.13	0.006754
19.59	43.13	0.01569
21.45	43.13	0.03247
23.32	43.13	0.04254
25.18	43.13	0.01367
27.05	43.13	0.008311
28.91	43.13	0.001315
30.78	43.13	0.002951
32.64	43.13	0.01844
34.51	43.13	0
36.37	43.13	0
38.24	43.13	0
4.663	45	0
6.528	45	0
8.394	45	0
10.26	45	0.07065
12.12	45	2.991e-005
13.99	45	0.01414
15.85	45	0.05741
17.72	45	0.0465
19.59	45	0.03265
21.45	45	0.053
23.32	45	0.01825
25.18	45	0.00531
27.05	45	0.1403
28.91	45	0.01079
30.78	45	0.00205
32.64	45	0.01766
34.51	45	0
36.37	45	0
38.24	45	0
4.663	46.88	0
6.528	46.88	0
8.394	46.88	0.07595
10.26	46.88	0.05477
12.12	46.88	0.05745
13.99	46.88	0.06068
15.85	46.88	0.061
17.72	46.88	0.09464
19.59	46.88	0.0489
21.45	46.88	0.03622
23.32	46.88	0.1504
25.18	46.88	0.1097
27.05	46.88	0.1538
28.91	46.88	0.1437
30.78	46.88	0.03844
32.64	46.88	0.03546
34.51	46.88	0.02881
36.37	46.88	0.3352
38.24	46.88	0
4.663	48.75	0
6.528	48.75	0.07321
8.394	48.75	0.07386
10.26	48.75	0.07141
12.12	48.75	0.07402
13.99	48.75	0.01188
15.85	48.75	0.04879
17.72	48.75	0.06409
19.59	48.75	0.01283
21.45	48.75	0.04477
23.32	48.75	0.02663
25.18	48.75	0.1298
27.05	48.75	0.0284
28.91	48.75	0.1153
30.78	48.75	0.003096
32.64	48.75	0.1019
34.51	48.75	0.009172
36.37	48.75	0.1188
38.24	48.75	0
4.663	50.63	0.1058
6.528	50.63	0.08426
8.394	50.63	0.04474
10.26	50.63	0.02503
12.12	50.63	0.05542
13.99	50.63	0.04131
15.85	50.63	0.03602
17.72	50.63	0.05959
19.59	50.63	0.02548
21.45	50.63	0.01923
23.32	50.63	0.1081
25.18	50.63	0.04328
27.05	50.63	0.1719
28.91	50.63	0.3532
30.78	50.63	0
32.64	50.63	0.01922
34.51	50.63	0.002403
36.37	50.63	0.3505
38.24	50.63	0
4.663	52.5	0.01606
6.528	52.5	0.03871
8.394	52.5	0.03846
10.26	52.5	0.05317
12.12	52.5	0.02732
13.99	52.5	0.03401
15.85	52.5	0.07744
17.72	52.5	0.06553
19.59	52.5	0.01788
21.45	52.5	0.06383
23.32	52.5	0.03229
25.18	52.5	0.0787
27.05	52.5	0.08813
28.91	52.5	0.03511
30.78	52.5	0.1175
32.64	52.5	0.02883
34.51	52.5	0.01278
36.37	52.5	0.006277
38.24	52.5	0
4.663	54.38	0.01227
6.528	54.38	0.07061
8.394	54.38	0.05715
10.26	54.38	0.0353
12.12	54.38	0.009296
13.99	54.38	0.05041
15.85	54.38	0.09461
17.72	54.38	0.08133
19.59	54.38	0.01922
21.45	54.38	0.1514
23.32	54.38	0.02603
25.18	54.38	0.08225
27.05	54.38	0.1099
28.91	54.38	0.003662
30.78	54.38	0.005591
32.64	54.38	0.01051
34.51	54.38	0.01152
36.37	54.38	0.01286
38.24	54.38	0
4.663	56.25	0.0259
6.528	56.25	0.06905
8.394	56.25	0.03575
10.26	56.25	0.05949
12.12	56.25	0.02897
13.99	56.25	0.05015
15.85	56.25	0.07728
17.72	56.25	0.07461
19.59	56.25	0.05012
21.45	56.25	0.02981
23.32	56.25	0.04789
25.18	56.25	0.0705
27.05	56.25	0.06966
28.91	56.25	0.003964
30.78	56.25	0.009889
32.64	56.25	0.01283
34.51	56.25	0.007753
36.37	56.25	0.01523
38.24	56.25	0
4.663	58.13	0.03432
6.528	58.13	0.04194
8.394	58.13	0.01027
10.26	58.13	0.01588
12.12	58.13	0.07205
13.99	58.13	0.03764
15.85	58.13	0.06458
17.72	58.13	0.004945
19.59	58.13	0.0164
21.45	58.13	0.07866
23.32	58.13	0.09743
25.18	58.13	0.06454
27.05	58.13	0.01738
28.91	58.13	0.01191
30.78	58.13	0.0151
32.64	58.13	0.006852
34.51	58.13	0.01698
36.37	58.13	0.02343
38.24	58.13	0
4.663	60	0.03277
6.528	60	0.0273
8.394	60	0.0936
10.26	60	0.05931
12.12	60	0.09412
13.99	60	0.03454
15.85	60	0.05307
17.72	60	0.01183
19.59	60	0.005023
21.45	60	0.01089
23.32	60	0.05349
25.18	60	0.09077
27.05	60	0.009663
28.91	60	0.01728
30.78	60	0.006362
32.64	60	0.01588
34.51	60	0.01047
36.37	60	0.008838
38.24	60	0
4.663	61.88	0.04482
6.528	61.88	0.07809
8.394	61.88	0.1617
10.26	61.88	0.02753
12.12	61.88	0.05365
13.99	61.88	0.046
15.85	61.88	0.00374
17.72	61.88	4.251e-005
19.59	61.88	0.009628
21.45	61.88	0.003025
23.32	61.88	0.02368
25.18	61.88	0.1528
27.05	61.88	0.168
28.91	61.88	0.0133
30.78	61.88	0.02087
32.64	61.88	0.01513
34.51	61.88	0.007199
36.37	61.88	0.1248
38.24	61.88	0
4.663	63.75	0.09513
6.528	63.75	0.2484
8.394	63.75	0.04267
10.26	63.75	0.02316
12.12	63.75	0.01502
13.99	63.75	0.03576
15.85	63.75	0.06292
17.72	63.75	0.0247
19.59	63.75	0.01096
21.45	63.75	0.01274
23.32	63.75	0.01214
25.18	63.75	0.03371
27.05	63.75	0.01682
28.91	63.75	0.01495
30.78	63.75	0.01444
32.64	63.75	0.01157
34.51	63.75	0.06588
36.37	63.75	0.07926
38.24	63.75	0
4.663	65.63	0.0674
6.528	65.63	0.03499
8.394	65.63	0.03425
10.26	65.63	0.08168
12.12	65.63	0.01325
13.99	65.63	0.02207
15.85	65.63	0.0272
17.72	65.63	0.005678
19.59	65.63	0.01719
21.45	65.63	0.01682
23.32	65.63	0.02613
25.18	65.63	0.1028
27.05	65.63	0.01347
28.91	65.63	0.01174
30.78	65.63	0.01685
32.64	65.63	0.03501
34.51	65.63	0.007795
36.37	65.63	5.179e-014
38.24	65.63	0
4.663	67.5	0.0504
6.528	67.5	0.05277
8.394	67.5	0.01597
10.26	67.5	0.01007
12.12	67.5	0.01436
13.99	67.5	0.02535
15.85	67.5	0.0137
17.72	67.5	0.009717
19.59	67.5	0.01888
21.45	67.5	0.01281
23.32	67.5	0.06533
25.18	67.5	0.122
27.05	67.5	0.01296
28.91	67.5	0.007394
30.78	67.5	0.01286
32.64	67.5	0.00961
34.51	67.5	0.02944
36.37	67.5	0.01764
38.24	67.5	0
4.663	69.38	0.01206
6.528	69.38	0.0102
8.394	69.38	0.02651
10.26	69.38	0.01795
12.12	69.38	0.01318
13.99	69.38	0.02362
15.85	69.38	0.0104
17.72	69.38	0.01035
19.59	69.38	0.009889
21.45	69.38	0.04503
23.32	69.38	0.07807
25.18	69.38	0.07044
27.05	69.38	0.01115
28.91	69.38	0.004088
30.78	69.38	0.003533
32.64	69.38	0.01171
34.51	69.38	0.009618
36.37	69.38	0.01102
38.24	69.38	0
4.663	71.25	0.004482
6.528	71.25	0.007426
8.394	71.25	0.03441
10.26	71.25	0.01379
12.12	71.25	0.0128
13.99	71.25	0.00907
15.85	71.25	0.00844
17.72	71.25	0.007558
19.59	71.25	0.08045
21.45	71.25	0.09334
23.32	71.25	0.1972
25.18	71.25	0.1529
27.05	71.25	0.6376
28.91	71.25	0.003185
30.78	71.25	0.004974
32.64	71.25	0.01511
34.51	71.25	0.01266
36.37	71.25	0.03031
38.24	71.25	0
4.663	73.13	0.06543
6.528	73.13	0.02053
8.394	73.13	0.03076
10.26	73.13	4.825e-007
12.12	73.13	0.05005
13.99	73.13	0.05166
15.85	73.13	0.03332
17.72	73.13	0.03042
19.59	73.13	0.02248
21.45	73.13	0.04319
23.32	73.13	0.01004
25.18	73.13	0.03989
27.05	73.13	0.1093
28.91	73.13	0.01063
30.78	73.13	0.008049
32.64	73.13	0.01446
34.51	73.13	1.495e-005
36.37	73.13	0.02149
38.24	73.13	0
4.663	75	0.02758
6.528	75	0.0722
8.394	75	3.306e-005
10.26	75	0.07705
12.12	75	0.0489
13.99	75	0.05492
15.85	75	0.01939
17.72	75	0.02312
19.59	75	0.01078
21.45	75	0.01055
23.32	75	0.01627
25.18	75	0.02888
27.05	75	0.03607
28.91	75	0.01324
30.78	75	0.01528
32.64	75	0.01559
34.51	75	0.01555
36.37	75	0.05527
38.24	75	0
4.663	76.88	0.06196
6.528	76.88	0.003694
8.394	76.88	0.07521
10.26	76.88	0.09174
12.12	76.88	0.07163
13.99	76.88	0.05495
15.85	76.88	0.03678
17.72	76.88	0.01368
19.59	76.88	0.009267
21.45	76.88	0.006515
23.32	76.88	0.01651
25.18	76.88	0.02538
27.05	76.88	0.006711
28.91	76.88	0.01202
30.78	76.88	0
32.64	76.88	0.09453
34.51	76.88	0
36.37	76.88	0
38.24	76.88	0
4.663	78.75	0.07388
6.528	78.75	0.004809
8.394	78.75	0.09787
10.26	78.75	0.05298
12.12	78.75	0.03589
13.99	78.75	0.05478
15.85	78.75	0.03234
17.72	78.75	0.05788
19.59	78.75	0.0284
21.45	78.75	0.008558
23.32	78.75	0.003809
25.18	78.75	0.005975
27.05	78.75	0.01047
28.91	78.75	0.3613
30.78	78.75	0
32.64	78.75	0
34.51	78.75	0
36.37	78.75	0
38.24	78.75	0
4.663	80.63	0.002403
6.528	80.63	0.0638
8.394	80.63	0.09869
10.26	80.63	0.05339
12.12	80.63	0.02865
13.99	80.63	0.05849
15.85	80.63	0.03604
17.72	80.63	0.01369
19.59	80.63	0.01298
21.45	80.63	0.009355
23.32	80.63	0.01922
25.18	80.63	0.009427
27.05	80.63	0.0206
28.91	80.63	0
30.78	80.63	0
32.64	80.63	0
34.51	80.63	0
36.37	80.63	0
38.24	80.63	0
4.663	82.5	0.04503
6.528	82.5	0.07917
8.394	82.5	0.05878
10.26	82.5	0.02808
12.12	82.5	0.07257
13.99	82.5	0.05288
15.85	82.5	0.01066
17.72	82.5	0.01306
19.59	82.5	0.009164
21.45	82.5	0.01029
23.32	82.5	0.01312
25.18	82.5	0.004645
27.05	82.5	0
28.91	82.5	0
30.78	82.5	0
32.64	82.5	0
34.51	82.5	0
36.37	82.5	0
38.24	82.5	0
4.663	84.38	0.0804
6.528	84.38	0.05266
8.394	84.38	0.09284
10.26	84.38	0.03131
12.12	84.38	0.006047
13.99	84.38	0.03175
15.85	84.38	0.03663
17.72	84.38	0.007116
19.59	84.38	0.005141
21.45	84.38	0.005046
23.32	84.38	0.01283
25.18	84.38	1.864e-005
27.05	84.38	0
28.91	84.38	0
30.78	84.38	0
32.64	84.38	0
34.51	84.38	0
36.37	84.38	0
38.24	84.38	0
4.663	86.25	0.08457
6.528	86.25	0.06138
8.394	86.25	0.07406
10.26	86.25	3.388e-011
12.12	86.25	0.03906
13.99	86.25	0.03512
15.85	86.25	0.004691
17.72	86.25	0.01117
19.59	86.25	0.004907
21.45	86.25	4.723e-006
23.32	86.25	0
25.18	86.25	0
27.05	86.25	0
28.91	86.25	0
30.78	86.25	0
32.64	86.25	0
34.51	86.25	0
36.37	86.25	0
38.24	86.25	0
4.663	88.13	0.06022
6.528	88.13	0.111
8.394	88.13	0.06744
10.26	88.13	0.04153
12.12	88.13	0.03788
13.99	88.13	0.009522
15.85	88.13	0.009915
17.72	88.13	0.003143
19.59	88.13	4.723e-006
21.45	88.13	0
23.32	88.13	0
25.18	88.13	0
27.05	88.13	0
28.91	88.13	0
30.78	88.13	0
32.64	88.13	0
34.51	88.13	0
36.37	88.13	0
38.24	88.13	0
4.663	90	0.1707
6.528	90	0.06768
8.394	90	0.07258
10.26	90	0.04008
12.12	90	0.01061
13.99	90	0.003222
15.85	90	0.01243
17.72	90	0.0142
19.59	90	0
21.45	90	0
23.32	90	0
25.18	90	0
27.05	90	0
28.91	90	0
30.78	90	0
32.64	90	0
34.51	90	0
36.37	90	0
38.24	90	0
4.663	91.88	0.07917
6.528	91.88	0.07883
8.394	91.88	0.07671
10.26	91.88	0.01212
12.12	91.88	0.02983
13.99	91.88	0.008519
15.85	91.88	0.0182
17.72	91.88	0
19.59	91.88	0
21.45	91.88	0
23.32	91.88	0
25.18	91.88	0
27.05	91.88	0
28.91	91.88	0
30.78	91.88	0
32.64	91.88	0
34.51	91.88	0
36.37	91.88	0
38.24	91.88	0
4.663	93.75	0.08037
6.528	93.75	0.08205
8.394	93.75	2.197e-012
10.26	93.75	0.08073
12.12	93.75	0.00336
13.99	93.75	0
15.85	93.75	0
17.72	93.75	0
19.59	93.75	0
21.45	93.75	0
23.32	93.75	0
25.18	93.75	0
27.05	93.75	0
28.91	93.75	0
30.78	93.75	0
32.64	93.75	0
34.51	93.75	0
36.37	93.75	0
38.24	93.75	0
4.663	95.63	0.09244
6.528	95.63	0.0704
8.394	95.63	0.07041
10.26	95.63	0.1007
12.12	95.63	0
13.99	95.63	0
15.85	95.63	0
17.72	95.63	0
19.59	95.63	0
21.45	95.63	0
23.32	95.63	0
25.18	95.63	0
27.05	95.63	0
28.91	95.63	0
30.78	95.63	0
32.64	95.63	0
34.51	95.63	0
36.37	95.63	0
38.24	95.63	0
4.663	97.5	0.1248
6.528	97.5	0.07354
8.394	97.5	0.1435
10.26	97.5	0
12.12	97.5	0
13.99	97.5	0
15.85	97.5	0
17.72	97.5	0
19.59	97.5	0
21.45	97.5	0
23.32	97.5	0
25.18	97.5	0
27.05	97.5	0
28.91	97.5	0
30.78	97.5	0
32.64	97.5	0
34.51	97.5	0
36.37	97.5	0
38.24	97.5	0
4.663	99.38	0.1046
6.528	99.38	0
8.394	99.38	0
10.26	99.38	0
12.12	99.38	0
13.99	99.38	0
15.85	99.38	0
17.72	99.38	0
19.59	99.38	0
21.45	99.38	0
23.32	99.38	0
25.18	99.38	0
27.05	99.38	0
28.91	99.38	0
30.78	99.38	0
32.64	99.38	0
34.51	99.38	0
36.37	99.38	0
38.24	99.38	0
4.663	101.3	0
6.528	101.3	0
8.394	101.3	0
10.26	101.3	0
12.12	101.3	0
13.99	101.3	0
15.85	101.3	0
17.72	101.3	0
19.59	101.3	0
21.45	101.3	0
23.32	101.3	0
25.18	101.3	0
27.05	101.3	0
28.91	101.3	0
30.78	101.3	0
32.64	101.3	0
34.51	101.3	0
36.37	101.3	0
38.24	101.3	0
4.663	103.1	0
6.528	103.1	0
8.394	103.1	0
10.26	103.1	0
12.12	103.1	0
13.99	103.1	0
15.85	103.1	0
17.72	103.1	0
19.59	103.1	0
21.45	103.1	0
23.32	103.1	0
25.18	103.1	0
27.05	103.1	0
28.91	103.1	0
30.78	103.1	0
32.64	103.1	0
34.51	103.1	0
36.37	103.1	0
38.24	103.1	0
4.663	105	0
6.528	105	0
8.394	105	0
10.26	105	0
12.12	105	0
13.99	105	0
15.85	105	0
17.72	105	0
19.59	105	0
21.45	105	0
23.32	105	0
25.18	105	0
27.05	105	0
28.91	105	0
30.78	105	0
32.64	105	0
34.51	105	0
36.37	105	0
38.24	105	0
4.663	106.9	0
6.528	106.9	0
8.394	106.9	0
10.26	106.9	0
12.12	106.9	0
13.99	106.9	0
15.85	106.9	0
17.72	106.9	0
19.59	106.9	0
21.45	106.9	0
23.32	106.9	0
25.18	106.9	0
27.05	106.9	0
28.91	106.9	0
30.78	106.9	0
32.64	106.9	0
34.51	106.9	0
36.37	106.9	0
38.24	106.9	0
4.663	108.8	0
6.528	108.8	0
8.394	108.8	0
10.26	108.8	0
12.12	108.8	0
13.99	108.8	0
15.85	108.8	0
17.72	108.8	0
19.59	108.8	0
21.45	108.8	0
23.32	108.8	0
25.18	108.8	0
27.05	108.8	0
28.91	108.8	0
30.78	108.8	0
32.64	108.8	0
34.51	108.8	0
36.37	108.8	0
38.24	108.8	0
4.663	110.6	0
6.528	110.6	0
8.394	110.6	0
10.26	110.6	0
12.12	110.6	0
13.99	110.6	0
15.85	110.6	0
17.72	110.6	0
19.59	110.6	0
21.45	110.6	0
23.32	110.6	0
25.18	110.6	0
27.05	110.6	0
28.91	110.6	0
30.78	110.6	0
32.64	110.6	0
34.51	110.6	0
36.37	110.6	0
38.24	110.6	0
4.663	112.5	0
6.528	112.5	0
8.394	112.5	0
10.26	112.5	0
12.12	112.5	0
13.99	112.5	0
15.85	112.5	0
17.72	112.5	0
19.59	112.5	0
21.45	112.5	0
23.32	112.5	0
25.18	112.5	0
27.05	112.5	0
28.91	112.5	0
30.78	112.5	0
32.64	112.5	0
34.51	112.5	0
36.37	112.5	0
38.24	112.5	0
4.663	114.4	0
6.528	114.4	0
8.394	114.4	0
10.26	114.4	0
12.12	114.4	0
13.99	114.4	0
15.85	114.4	0
17.72	114.4	0
19.59	114.4	0
21.45	114.4	0
23.32	114.4	0
25.18	114.4	0
27.05	114.4	0
28.91	114.4	0
30.78	114.4	0
32.64	114.4	0
34.51	114.4	0.006723
36.37	114.4	0
38.24	114.4	0
4.663	116.3	0
6.528	116.3	0
8.394	116.3	0
10.26	116.3	0
12.12	116.3	0
13.99	116.3	0
15.85	116.3	0
17.72	116.3	0
19.59	116.3	0
21.45	116.3	0
23.32	116.3	0
25.18	116.3	0
27.05	116.3	0
28.91	116.3	0
30.78	116.3	0
32.64	116.3	0.006766
34.51	116.3	0.003517
36.37	116.3	0
38.24	116.3	0
4.663	118.1	0
6.528	118.1	0
8.394	118.1	0
10.26	118.1	0
12.12	118.1	0
13.99	118.1	0
15.85	118.1	0
17.72	118.1	0
19.59	118.1	0
21.45	118.1	0
23.32	118.1	0
25.18	118.1	0
27.05	118.1	0
28.91	118.1	0
30.78	118.1	0.005696
32.64	118.1	0.006036
34.51	118.1	0.03341
36.37	118.1	0
38.24	118.1	0
