5	30	0.0759
6.528	30	0.07655
8.394	30	0.1081
10.26	30	0.157
12.12	30	0.1751
13.99	30	0.3634
15.85	30	1.231
17.72	30	1.896
19.59	30	1.522
21.45	30	0.527
23.32	30	0.3946
25.18	30	0.3073
27.05	30	0.1929
28.91	30	0.1872
30.78	30	0.1723
32.64	30	0.1862
34.51	30	0.1755
36.37	30	0.07971
38.24	30	0.1102
5	31.88	0.1259
6.528	31.88	0.1524
8.394	31.88	0.1288
10.26	31.88	0.1398
12.12	31.88	0.1327
13.99	31.88	0.09174
15.85	31.88	0.1276
17.72	31.88	0.2
19.59	31.88	0.1988
21.45	31.88	0.1763
23.32	31.88	0.1742
25.18	31.88	0.2316
27.05	31.88	0.289
28.91	31.88	0.2908
30.78	31.88	0.2435
32.64	31.88	0.175
34.51	31.88	0.3315
36.37	31.88	0.6297
38.24	31.88	1.632
5	33.75	2.571
6.528	33.75	1.501
8.394	33.75	0.08997
10.26	33.75	0.1261
12.12	33.75	0.1379
13.99	33.75	0.1311
15.85	33.75	0.1136
17.72	33.75	0.09187
19.59	33.75	0.08097
21.45	33.75	0.09413
23.32	33.75	0.1058
25.18	33.75	0.1095
27.05	33.75	0.1007
28.91	33.75	0.09884
30.78	33.75	0.1152
32.64	33.75	0.328
34.51	33.75	1.129
36.37	33.75	1.393
38.24	33.75	1.089
5	35.63	0.4584
6.528	35.63	0.2811
8.394	35.63	0.2193
10.26	35.63	0.194
12.12	35.63	0.1854
13.99	35.63	0.1253
15.85	35.63	0.11
17.72	35.63	0.1158
19.59	35.63	0.1153
21.45	35.63	0.1217
23.32	35.63	0.1453
25.18	35.63	0.1968
27.05	35.63	0.1807
28.91	35.63	0.1651
30.78	35.63	0.1636
32.64	35.63	0.1723
34.51	35.63	0.2
36.37	35.63	0.1606
38.24	35.63	0.09982
5	37.5	0.1424
6.528	37.5	0.1519
8.394	37.5	0.1214
10.26	37.5	0.1367
12.12	37.5	0.1679
13.99	37.5	0.2309
15.85	37.5	0.1186
17.72	37.5	0.2063
19.59	37.5	0.7153
21.45	37.5	1.693
23.32	37.5	2.653
25.18	37.5	1.591
27.05	37.5	0.08484
28.91	37.5	0.08684
30.78	37.5	0.09839
32.64	37.5	0.1209
34.51	37.5	0.1385
36.37	37.5	0.1429
38.24	37.5	0.1546
5	39.38	0.1247
6.528	39.38	0.1009
8.394	39.38	0.08861
10.26	39.38	0.09403
12.12	39.38	0.08848
13.99	39.38	0.08606
15.85	39.38	0.2911
17.72	39.38	0.9122
19.59	39.38	0.9844
21.45	39.38	0.6926
23.32	39.38	0.374
25.18	39.38	0.2381
27.05	39.38	0.217
28.91	39.38	0.2098
30.78	39.38	0.1796
32.64	39.38	0.1611
34.51	39.38	0.2057
36.37	39.38	0.2703
38.24	39.38	0.2744
5	41.25	0.1711
6.528	41.25	0.1235
8.394	41.25	0.1393
10.26	41.25	0.1638
12.12	41.25	0.1532
13.99	41.25	0.171
15.85	41.25	0.2396
17.72	41.25	0.275
19.59	41.25	0.208
21.45	41.25	0.08736
23.32	41.25	0.1131
25.18	41.25	0.1517
27.05	41.25	0.1664
28.91	41.25	0.1983
30.78	41.25	0.2147
32.64	41.25	0.2209
34.51	41.25	0.2432
36.37	41.25	0.3875
38.24	41.25	1.015
5	43.13	1.969
6.528	43.13	2.619
8.394	43.13	1.481
10.26	43.13	0.08174
12.12	43.13	0.09129
13.99	43.13	0.1077
15.85	43.13	0.1103
17.72	43.13	0.09442
19.59	43.13	0.089
21.45	43.13	0.08765
23.32	43.13	0.09048
25.18	43.13	0.1108
27.05	43.13	0.1289
28.91	43.13	0.1308
30.78	43.13	0.133
32.64	43.13	0.147
34.51	43.13	0.6057
36.37	43.13	1.365
38.24	43.13	0.756
5	45	0.3547
6.528	45	0.2059
8.394	45	0.1948
10.26	45	0.1871
12.12	45	0.2351
13.99	45	0.254
15.85	45	0.2383
17.72	45	0.176
19.59	45	0.1994
21.45	45	0.2237
23.32	45	0.1721
25.18	45	0.217
27.05	45	0.2417
28.91	45	0.2193
30.78	45	0.1733
32.64	45	0.2157
34.51	45	0.1971
36.37	45	0.1948
38.24	45	0.2833
5	46.88	0.3227
6.528	46.88	0.2749
8.394	46.88	0.1825
10.26	46.88	0.225
12.12	46.88	0.2885
13.99	46.88	0.2436
15.85	46.88	0.1617
17.72	46.88	0.225
19.59	46.88	0.4232
21.45	46.88	0.6378
23.32	46.88	0.6212
25.18	46.88	0.2804
27.05	46.88	0.1225
28.91	46.88	0.1701
30.78	46.88	0.1902
32.64	46.88	0.1667
34.51	46.88	0.1384
36.37	46.88	0.1423
38.24	46.88	0.1796
5	48.75	0.09813
6.528	48.75	0.1205
8.394	48.75	0.1077
10.26	48.75	0.0979
12.12	48.75	0.1052
13.99	48.75	0.113
15.85	48.75	0.183
17.72	48.75	0.4491
19.59	48.75	0.7078
21.45	48.75	0.35
23.32	48.75	0.05
25.18	48.75	0.06752
27.05	48.75	0.1785
28.91	48.75	0.2252
30.78	48.75	0.2372
32.64	48.75	0.2413
34.51	48.75	0.2126
36.37	48.75	0.1973
38.24	48.75	0.3164
5	50.63	0.13
6.528	50.63	0.2296
8.394	50.63	0.325
10.26	50.63	0.2362
12.12	50.63	0.2091
13.99	50.63	0.1803
15.85	50.63	0.2084
17.72	50.63	0.1459
19.59	50.63	0.1631
21.45	50.63	0.3737
23.32	50.63	0.4842
25.18	50.63	0.3843
27.05	50.63	0.3059
28.91	50.63	0.2873
30.78	50.63	0.2319
32.64	50.63	0.1865
34.51	50.63	0.2302
36.37	50.63	0.5639
38.24	50.63	1.608
5	52.5	0.972
6.528	52.5	0.812
8.394	52.5	0.2966
10.26	52.5	0.1382
12.12	52.5	0.1628
13.99	52.5	0.1543
15.85	52.5	0.1249
17.72	52.5	0.08842
19.59	52.5	0.08623
21.45	52.5	0.08729
23.32	52.5	0.08387
25.18	52.5	0.08084
27.05	52.5	0.07952
28.91	52.5	0.08368
30.78	52.5	0.108
32.64	52.5	0.09029
34.51	52.5	0.1882
36.37	52.5	0.7569
38.24	52.5	0.7901
5	54.38	0.09662
6.528	54.38	0.02485
8.394	54.38	0.1549
10.26	54.38	0.2314
12.12	54.38	0.2255
13.99	54.38	0.1755
15.85	54.38	0.1562
17.72	54.38	0.126
19.59	54.38	0.1226
21.45	54.38	0.2207
23.32	54.38	0.1863
25.18	54.38	0.225
27.05	54.38	0.1942
28.91	54.38	0.18
30.78	54.38	0.225
32.64	54.38	0.3139
34.51	54.38	0.3079
36.37	54.38	0.2893
38.24	54.38	0.3668
5	56.25	0.2304
6.528	56.25	0.3267
8.394	56.25	0.4066
10.26	56.25	0.375
12.12	56.25	0.2987
13.99	56.25	0.1565
15.85	56.25	0.425
17.72	56.25	0.678
19.59	56.25	0.4224
21.45	56.25	0.4825
23.32	56.25	0.6336
25.18	56.25	0.3634
27.05	56.25	0.07557
28.91	56.25	0.1109
30.78	56.25	0.1295
32.64	56.25	0.1563
34.51	56.25	0.1893
36.37	56.25	0.1961
38.24	56.25	0.2521
5	58.13	0.08365
6.528	58.13	0.08846
8.394	58.13	0.1128
10.26	58.13	0.2149
12.12	58.13	0.2476
13.99	58.13	0.2718
15.85	58.13	0.1742
17.72	58.13	0.1348
19.59	58.13	0.1139
21.45	58.13	0.09294
23.32	58.13	0.1258
25.18	58.13	0.08574
27.05	58.13	0.1063
28.91	58.13	0.1458
30.78	58.13	0.1189
32.64	58.13	0.1243
34.51	58.13	0.1699
36.37	58.13	0.07274
38.24	58.13	0.4647
5	60	0.4629
6.528	60	0.1872
8.394	60	0.1779
10.26	60	0.1375
12.12	60	0.173
13.99	60	0.2818
15.85	60	0.4016
17.72	60	0.1383
19.59	60	0.2271
21.45	60	0.2055
23.32	60	0.2294
25.18	60	0.242
27.05	60	0.3484
28.91	60	0.35
30.78	60	0.3
32.64	60	0.2896
34.51	60	1.244
36.37	60	1.477
38.24	60	0.2957
5	61.88	0.1122
6.528	61.88	0.1012
8.394	61.88	0.1181
10.26	61.88	0.1479
12.12	61.88	0.1777
13.99	61.88	0.1861
15.85	61.88	0.1691
17.72	61.88	0.1497
19.59	61.88	0.1338
21.45	61.88	0.1159
23.32	61.88	0.1175
25.18	61.88	0.1081
27.05	61.88	0.09528
28.91	61.88	0.1078
30.78	61.88	0.1176
32.64	61.88	0.1282
34.51	61.88	0.1615
36.37	61.88	0.1051
38.24	61.88	0.2
5	63.75	0.2296
6.528	63.75	0.3
8.394	63.75	0.2053
10.26	63.75	0.1636
12.12	63.75	0.1411
13.99	63.75	0.125
15.85	63.75	0.123
17.72	63.75	0.04529
19.59	63.75	0.1347
21.45	63.75	0.4953
23.32	63.75	0.4375
25.18	63.75	0.2571
27.05	63.75	0.2246
28.91	63.75	0.2144
30.78	63.75	0.1827
32.64	63.75	0.1491
34.51	63.75	0.225
36.37	63.75	0.2558
38.24	63.75	0.4463
5	65.63	0.1269
6.528	65.63	0.1064
8.394	65.63	0.02751
10.26	65.63	0.2196
12.12	65.63	0.2582
13.99	65.63	0.2848
15.85	65.63	0.35
17.72	65.63	0.5321
19.59	65.63	0.1406
21.45	65.63	0.133
23.32	65.63	0.2487
25.18	65.63	0.1307
27.05	65.63	0.1056
28.91	65.63	0.09445
30.78	65.63	0.0803
32.64	65.63	0.08491
34.51	65.63	0.1081
36.37	65.63	0.1338
38.24	65.63	0.2025
5	67.5	0.07593
6.528	67.5	0.0917
8.394	67.5	0.1141
10.26	67.5	0.1372
12.12	67.5	0.03166
13.99	67.5	0.1432
15.85	67.5	0.2376
17.72	67.5	0.7077
19.59	67.5	0.3528
21.45	67.5	0.07973
23.32	67.5	0.0629
25.18	67.5	0.0603
27.05	67.5	0.1201
28.91	67.5	0.066
30.78	67.5	0.02307
32.64	67.5	0.201
34.51	67.5	0.04026
36.37	67.5	0.1713
38.24	67.5	0.2424
5	69.38	0.2409
6.528	69.38	0.1663
8.394	69.38	0.2371
10.26	69.38	0.22
12.12	69.38	0.2104
13.99	69.38	0.1265
15.85	69.38	0.2466
17.72	69.38	0.4277
19.59	69.38	0.2616
21.45	69.38	0.3939
23.32	69.38	0.025
25.18	69.38	0.05
27.05	69.38	0.2286
28.91	69.38	0.333
30.78	69.38	0.1
32.64	69.38	0.118
34.51	69.38	0.2948
36.37	69.38	0.2916
38.24	69.38	0.0828
5	71.25	0.1302
6.528	71.25	0.1096
8.394	71.25	0.09649
10.26	71.25	0.1471
12.12	71.25	0.2188
13.99	71.25	0.2538
15.85	71.25	0.2528
17.72	71.25	0.2234
19.59	71.25	0.1883
21.45	71.25	0.1566
23.32	71.25	0.1486
25.18	71.25	0.1432
27.05	71.25	0.1426
28.91	71.25	0.1674
30.78	71.25	1.947
32.64	71.25	1.473
34.51	71.25	0.767
36.37	71.25	0.632
38.24	71.25	0.3
5	73.13	0.0373
6.528	73.13	0.213
8.394	73.13	0.2792
10.26	73.13	0.2558
12.12	73.13	0.3699
13.99	73.13	0.2644
15.85	73.13	0.1711
17.72	73.13	0.12
19.59	73.13	0.2327
21.45	73.13	0.2437
23.32	73.13	0.1523
25.18	73.13	0.1943
27.05	73.13	0.2074
28.91	73.13	0.1885
30.78	73.13	0.2342
32.64	73.13	0.09025
34.51	73.13	0.2499
36.37	73.13	0.4451
38.24	73.13	0.3
5	75	0.025
6.528	75	0.06292
8.394	75	0.1
10.26	75	0.4284
12.12	75	0.65
13.99	75	0.1363
15.85	75	0.3474
17.72	75	0.5416
19.59	75	0.3703
21.45	75	0.3282
23.32	75	0.1668
25.18	75	0.1707
27.05	75	0.175
28.91	75	0.2141
30.78	75	0.205
32.64	75	0.1045
34.51	75	0.08692
36.37	75	0.05155
38.24	75	0.04651
5	76.88	0.04869
6.528	76.88	0.06885
8.394	76.88	0.08504
10.26	76.88	0.2375
12.12	76.88	0.3137
13.99	76.88	0.8584
15.85	76.88	0.9024
17.72	76.88	0.6269
19.59	76.88	0.3071
21.45	76.88	0.1852
23.32	76.88	0.15
25.18	76.88	0.6244
27.05	76.88	0.7245
28.91	76.88	0.457
30.78	76.88	0.4338
32.64	76.88	0.1963
34.51	76.88	0.257
36.37	76.88	0.2532
38.24	76.88	0.08163
5	78.75	0.1526
6.528	78.75	0.2172
8.394	78.75	0.2264
10.26	78.75	0.2336
12.12	78.75	0.2109
13.99	78.75	0.1608
15.85	78.75	0.3292
17.72	78.75	0.1123
19.59	78.75	0.075
21.45	78.75	0.025
23.32	78.75	0.325
25.18	78.75	0.025
27.05	78.75	0.1295
28.91	78.75	0.2882
30.78	78.75	0.2018
32.64	78.75	0.05651
34.51	78.75	0.01235
36.37	78.75	0.3709
38.24	78.75	0.1719
5	80.63	0.04914
6.528	80.63	0.0775
8.394	80.63	0.1347
10.26	80.63	0.1243
12.12	80.63	0.1273
13.99	80.63	0.1882
15.85	80.63	0.219
17.72	80.63	0.2307
19.59	80.63	0.2324
21.45	80.63	0.2073
23.32	80.63	0.1861
25.18	80.63	0.2429
27.05	80.63	0.2221
28.91	80.63	0.1398
30.78	80.63	0.07671
32.64	80.63	0.6228
34.51	80.63	0.01698
36.37	80.63	0.175
38.24	80.63	0.1781
5	82.5	0.1585
6.528	82.5	0.06775
8.394	82.5	0.2329
10.26	82.5	0.2703
12.12	82.5	0.1737
13.99	82.5	0.4311
15.85	82.5	0.4277
17.72	82.5	0.3163
19.59	82.5	0.1861
21.45	82.5	0.2162
23.32	82.5	0.232
25.18	82.5	0.2576
27.05	82.5	0.3198
28.91	82.5	0.3606
30.78	82.5	0.1647
32.64	82.5	0.275
34.51	82.5	0.02742
36.37	82.5	0.025
38.24	82.5	0.275
5	84.38	0.03009
6.528	84.38	0.2879
8.394	84.38	0.075
10.26	84.38	0.03807
12.12	84.38	0.02876
13.99	84.38	0.1
15.85	84.38	0.164
17.72	84.38	0.1909
19.59	84.38	0.6222
21.45	84.38	0.1923
23.32	84.38	0.2236
25.18	84.38	0.275
27.05	84.38	0.1698
28.91	84.38	0.1159
30.78	84.38	0.02435
32.64	84.38	0.02181
34.51	84.38	0.03026
36.37	84.38	0.05739
38.24	84.38	0.08852
5	86.25	0.05616
6.528	86.25	0.06432
8.394	86.25	0.08365
10.26	86.25	0.09861
12.12	86.25	0.1234
13.99	86.25	0.1581
15.85	86.25	0.1577
17.72	86.25	0.2027
19.59	86.25	0.4111
21.45	86.25	0.05693
23.32	86.25	0.1373
25.18	86.25	0.2724
27.05	86.25	0.2632
28.91	86.25	0.1871
30.78	86.25	0.4439
32.64	86.25	0.5439
34.51	86.25	0.3126
36.37	86.25	0.7434
38.24	86.25	0.2902
5	88.13	0.5457
6.528	88.13	0.4028
8.394	88.13	0.2987
10.26	88.13	0.1
12.12	88.13	0.0262
13.99	88.13	0.03904
15.85	88.13	0.025
17.72	88.13	0.1917
19.59	88.13	0.02698
21.45	88.13	0.3374
23.32	88.13	0.025
25.18	88.13	0.025
27.05	88.13	0.1722
28.91	88.13	0.025
30.78	88.13	0.175
32.64	88.13	0.3705
34.51	88.13	0.08686
36.37	88.13	0.1229
38.24	88.13	0.2505
5	90	0.05532
6.528	90	0.05497
8.394	90	0.06497
10.26	90	0.09126
12.12	90	0.145
13.99	90	0.1898
15.85	90	0.1805
17.72	90	0.1909
19.59	90	0.2045
21.45	90	0.2296
23.32	90	0.2755
25.18	90	0.2092
27.05	90	0.1675
28.91	90	0.09857
30.78	90	0.08526
32.64	90	0.09272
34.51	90	0.2751
36.37	90	0.06071
38.24	90	0.3426
5	91.88	0.1172
6.528	91.88	0.2327
8.394	91.88	0.3471
10.26	91.88	0.09029
12.12	91.88	0.2922
13.99	91.88	0.2505
15.85	91.88	0.512
17.72	91.88	0.4063
19.59	91.88	0.395
21.45	91.88	0.1076
23.32	91.88	0.225
25.18	91.88	0.025
27.05	91.88	0.03487
28.91	91.88	0.09999
30.78	91.88	0.02786
32.64	91.88	0.2456
34.51	91.88	0.075
36.37	91.88	0.075
38.24	91.88	0.05603
5	93.75	0.07142
6.528	93.75	0.04632
8.394	93.75	0.02647
10.26	93.75	0.09362
12.12	93.75	0.3397
13.99	93.75	0.9485
15.85	93.75	1.53
17.72	93.75	0.7994
19.59	93.75	0.1262
21.45	93.75	0.1387
23.32	93.75	0.128
25.18	93.75	0.1422
27.05	93.75	0.1425
28.91	93.75	0.06871
30.78	93.75	0.01548
32.64	93.75	0.02039
34.51	93.75	0.02674
36.37	93.75	0.03503
38.24	93.75	0.04784
5	95.63	0.06674
6.528	95.63	0.04558
8.394	95.63	0.05287
10.26	95.63	0.0732
12.12	95.63	0.479
13.99	95.63	0.5071
15.85	95.63	0.4052
17.72	95.63	0.1515
19.59	95.63	0.191
21.45	95.63	0.2606
23.32	95.63	0.08203
25.18	95.63	0.3052
27.05	95.63	0.08824
28.91	95.63	0.03105
30.78	95.63	0.1498
32.64	95.63	0.5258
34.51	95.63	0.3304
36.37	95.63	0.1984
38.24	95.63	0.2056
5	97.5	0.2263
6.528	97.5	0.02754
8.394	97.5	0.025
10.26	97.5	0.05
12.12	97.5	0.03085
13.99	97.5	0.02859
15.85	97.5	0.1644
17.72	97.5	0.562
19.59	97.5	0.6376
21.45	97.5	0.05
23.32	97.5	0.08808
25.18	97.5	0.08477
27.05	97.5	0.07928
28.91	97.5	0.1696
30.78	97.5	0.2815
32.64	97.5	0.484
34.51	97.5	0.7321
36.37	97.5	0.127
38.24	97.5	0.02829
5	99.38	0.06194
6.528	99.38	0.05045
8.394	99.38	0.06106
10.26	99.38	0.06819
12.12	99.38	0.1166
13.99	99.38	0.171
15.85	99.38	0.1646
17.72	99.38	0.2014
19.59	99.38	0.2502
21.45	99.38	0.2229
23.32	99.38	0.1571
25.18	99.38	0.0869
27.05	99.38	0.04374
28.91	99.38	0.05069
30.78	99.38	0.4698
32.64	99.38	0.2694
34.51	99.38	0.08235
36.37	99.38	0.138
38.24	99.38	0.215
5	101.3	0.1003
6.528	101.3	0.0318
8.394	101.3	0.08864
10.26	101.3	0.02772
12.12	101.3	0.02605
13.99	101.3	0.1637
15.85	101.3	0.05141
17.72	101.3	0.1989
19.59	101.3	0.025
21.45	101.3	0.06356
23.32	101.3	0.02542
25.18	101.3	0.15
27.05	101.3	0.15
28.91	101.3	0.05
30.78	101.3	0.05
32.64	101.3	0.1
34.51	101.3	0.2343
36.37	101.3	0.45
38.24	101.3	0.2898
5	103.1	0.05
6.528	103.1	0.025
8.394	103.1	0.0292
10.26	103.1	0.03239
12.12	103.1	0.2198
13.99	103.1	0.5253
15.85	103.1	1.04
17.72	103.1	1.482
19.59	103.1	0.3621
21.45	103.1	0.3451
23.32	103.1	0.2628
25.18	103.1	0.1568
27.05	103.1	0.08452
28.91	103.1	0.1276
30.78	103.1	0.177
32.64	103.1	0.03984
34.51	103.1	0.02248
36.37	103.1	0.05065
38.24	103.1	0.06029
5	105	0.093
6.528	105	0.07123
8.394	105	0.05339
10.26	105	0.09581
12.12	105	0.03119
13.99	105	0.3036
15.85	105	0.1915
17.72	105	0.1154
19.59	105	0.08572
21.45	105	0.221
23.32	105	0.1598
25.18	105	0.025
27.05	105	0.02855
28.91	105	0.02683
30.78	105	0.4204
32.64	105	0.8707
34.51	105	0.2861
36.37	105	0.15
38.24	105	0.07389
5	106.9	0.175
6.528	106.9	0.3721
8.394	106.9	0.4373
10.26	106.9	0.2867
12.12	106.9	0.025
13.99	106.9	0.05735
15.85	106.9	0.02578
17.72	106.9	0.08381
19.59	106.9	0.5983
21.45	106.9	0.1908
23.32	106.9	0.075
25.18	106.9	0.04794
27.05	106.9	0.02746
28.91	106.9	0.07941
30.78	106.9	0.1864
32.64	106.9	0.1981
34.51	106.9	0.5049
36.37	106.9	0.4651
38.24	106.9	0.08435
5	108.8	0.08287
6.528	108.8	0.06835
8.394	108.8	0.07629
10.26	108.8	0.08219
12.12	108.8	0.147
13.99	108.8	0.1953
15.85	108.8	0.2479
17.72	108.8	0.3383
19.59	108.8	0.3565
21.45	108.8	0.383
23.32	108.8	0.4561
25.18	108.8	0.6552
27.05	108.8	0.6511
28.91	108.8	0.2335
30.78	108.8	0.04951
32.64	108.8	0.05789
34.51	108.8	0.15
36.37	108.8	0.2114
38.24	108.8	0.2315
5	110.6	0.1872
6.528	110.6	0.191
8.394	110.6	0.224
10.26	110.6	0.42
12.12	110.6	0.3431
13.99	110.6	0.03864
15.85	110.6	0.15
17.72	110.6	0.2333
19.59	110.6	0.2708
21.45	110.6	0.2154
23.32	110.6	0.1593
25.18	110.6	0.1824
27.05	110.6	0.4804
28.91	110.6	0.675
30.78	110.6	0.075
32.64	110.6	0.02645
34.51	110.6	0.1205
36.37	110.6	0.05616
38.24	110.6	0.175
5	112.5	0.025
6.528	112.5	0.1028
8.394	112.5	0.0377
10.26	112.5	0.06647
12.12	112.5	0.1
13.99	112.5	0.1831
15.85	112.5	0.3977
17.72	112.5	0.2531
19.59	112.5	0.6859
21.45	112.5	0.441
23.32	112.5	0.619
25.18	112.5	0.6608
27.05	112.5	0.6874
28.91	112.5	0.7768
30.78	112.5	0.726
32.64	112.5	0.5089
34.51	112.5	0.4156
36.37	112.5	0.3973
38.24	112.5	0.2896
5	114.4	0.07419
6.528	114.4	0.08687
8.394	114.4	0.1101
10.26	114.4	0.111
12.12	114.4	0.1297
13.99	114.4	0.1439
15.85	114.4	0.181
17.72	114.4	0.378
19.59	114.4	0.9758
21.45	114.4	4.095
23.32	114.4	3.976
25.18	114.4	3.823
27.05	114.4	5.014
28.91	114.4	7.686
30.78	114.4	5.95
32.64	114.4	1.841
34.51	114.4	0.4544
36.37	114.4	0.4652
38.24	114.4	0.4444
5	116.3	0.1153
6.528	116.3	0.09271
8.394	116.3	0.1295
10.26	116.3	0.1234
12.12	116.3	0.1305
13.99	116.3	0.09719
15.85	116.3	0.5188
17.72	116.3	2.026
19.59	116.3	2.641
21.45	116.3	1.524
23.32	116.3	2.227
25.18	116.3	3.079
27.05	116.3	2.914
28.91	116.3	2.777
30.78	116.3	2.295
32.64	116.3	1.628
34.51	116.3	1.628
36.37	116.3	0.4488
38.24	116.3	0.6428
5	118.1	0.1123
6.528	118.1	0.08868
8.394	118.1	0.119
10.26	118.1	0.1142
12.12	118.1	0.1132
13.99	118.1	0.1221
15.85	118.1	0.1245
17.72	118.1	0.1697
19.59	118.1	0.2441
21.45	118.1	0.3204
23.32	118.1	0.398
25.18	118.1	0.5244
27.05	118.1	0.6394
28.91	118.1	0.7127
30.78	118.1	0.3722
32.64	118.1	0.499
34.51	118.1	0.4555
36.37	118.1	1.249
38.24	118.1	2.223
