5	30	0.4529
6.528	30	0.3162
8.394	30	0.2277
10.26	30	0.1774
12.12	30	0.1374
13.99	30	0.05697
15.85	30	0.3128
17.72	30	0.05229
19.59	30	0.07432
21.45	30	0.3811
23.32	30	0.2163
25.18	30	0.199
27.05	30	0.1656
28.91	30	0.1488
30.78	30	0.1554
32.64	30	0.1603
34.51	30	0.1996
36.37	30	0.2024
38.24	30	0.1856
5	31.88	0.5678
6.528	31.88	0.4586
8.394	31.88	0.2952
10.26	31.88	0.3178
12.12	31.88	0.1208
13.99	31.88	0.2279
15.85	31.88	0.2235
17.72	31.88	0.1697
19.59	31.88	0.1
21.45	31.88	0.1264
23.32	31.88	0.1692
25.18	31.88	0.1524
27.05	31.88	0.1222
28.91	31.88	0.1366
30.78	31.88	0.1047
32.64	31.88	0.1737
34.51	31.88	0.2094
36.37	31.88	0.2269
38.24	31.88	0.3168
5	33.75	0.8424
6.528	33.75	0.8193
8.394	33.75	0.2807
10.26	33.75	0.1998
12.12	33.75	0.1598
13.99	33.75	0.1211
15.85	33.75	0.08097
17.72	33.75	0.05603
19.59	33.75	0.04052
21.45	33.75	0.04023
23.32	33.75	0.04961
25.18	33.75	0.0599
27.05	33.75	0.0629
28.91	33.75	0.08326
30.78	33.75	0.09881
32.64	33.75	0.02952
34.51	33.75	0.2076
36.37	33.75	0.08917
38.24	33.75	0.03926
5	35.63	0.3599
6.528	35.63	0.2565
8.394	35.63	0.2386
10.26	35.63	0.2459
12.12	35.63	0.2553
13.99	35.63	0.3092
15.85	35.63	0.2893
17.72	35.63	0.3044
19.59	35.63	0.3261
21.45	35.63	0.3447
23.32	35.63	0.216
25.18	35.63	0.1421
27.05	35.63	0.1456
28.91	35.63	0.2142
30.78	35.63	0.07597
32.64	35.63	0.2254
34.51	35.63	0.162
36.37	35.63	0.2161
38.24	35.63	0.1437
5	37.5	0.2588
6.528	37.5	0.1843
8.394	37.5	0.1428
10.26	37.5	0.2009
12.12	37.5	0.08201
13.99	37.5	0.1297
15.85	37.5	0.1958
17.72	37.5	0.225
19.59	37.5	0.1438
21.45	37.5	0.3308
23.32	37.5	0.3364
25.18	37.5	0.2577
27.05	37.5	0.03619
28.91	37.5	0.04074
30.78	37.5	0.04903
32.64	37.5	0.05429
34.51	37.5	0.04677
36.37	37.5	0.03545
38.24	37.5	0.0281
5	39.38	0.1495
6.528	39.38	0.09435
8.394	39.38	0.07852
10.26	39.38	0.07906
12.12	39.38	0.1125
13.99	39.38	0.1655
15.85	39.38	0.09756
17.72	39.38	0.2415
19.59	39.38	0.202
21.45	39.38	0.1564
23.32	39.38	0.1782
25.18	39.38	0.141
27.05	39.38	0.1679
28.91	39.38	0.2215
30.78	39.38	0.2299
32.64	39.38	0.2615
34.51	39.38	0.2411
36.37	39.38	0.2071
38.24	39.38	0.2194
5	41.25	0.4516
6.528	41.25	0.2666
8.394	41.25	0.1948
10.26	41.25	0.2655
12.12	41.25	0.2038
13.99	41.25	0.025
15.85	41.25	0.2392
17.72	41.25	0.1888
19.59	41.25	0.2275
21.45	41.25	0.1821
23.32	41.25	0.204
25.18	41.25	0.192
27.05	41.25	0.162
28.91	41.25	0.2394
30.78	41.25	0.005472
32.64	41.25	0.003127
34.51	41.25	0.1
36.37	41.25	0.06304
38.24	41.25	0.05455
5	43.13	0.5883
6.528	43.13	0.5135
8.394	43.13	0.2962
10.26	43.13	0.07755
12.12	43.13	0.1051
13.99	43.13	0.1489
15.85	43.13	0.1439
17.72	43.13	0.1503
19.59	43.13	0.175
21.45	43.13	0.1646
23.32	43.13	0.1418
25.18	43.13	0.1192
27.05	43.13	0.09952
28.91	43.13	0.1315
30.78	43.13	0.1098
32.64	43.13	0.09377
34.51	43.13	0.07677
36.37	43.13	0.04568
38.24	43.13	0.02194
5	45	0.1672
6.528	45	0.2539
8.394	45	0.2191
10.26	45	0.241
12.12	45	0.2304
13.99	45	0.2673
15.85	45	0.3334
17.72	45	0.2731
19.59	45	0.299
21.45	45	0.3228
23.32	45	0.2192
25.18	45	0.025
27.05	45	0.1284
28.91	45	0.101
30.78	45	0.03557
32.64	45	0.1779
34.51	45	0.3832
36.37	45	0.07528
38.24	45	0.08909
5	46.88	0.2376
6.528	46.88	0.2438
8.394	46.88	0.1828
10.26	46.88	0.1973
12.12	46.88	0.1683
13.99	46.88	0.025
15.85	46.88	0.05
17.72	46.88	0.3316
19.59	46.88	0.3244
21.45	46.88	0.2497
23.32	46.88	0.2098
25.18	46.88	1.036
27.05	46.88	0.1803
28.91	46.88	0.1986
30.78	46.88	0.1613
32.64	46.88	0.1019
34.51	46.88	0.05777
36.37	46.88	0.04352
38.24	46.88	0.03703
5	48.75	0.1395
6.528	48.75	0.1349
8.394	48.75	0.1335
10.26	48.75	0.124
12.12	48.75	0.1433
13.99	48.75	0.2028
15.85	48.75	0.3363
17.72	48.75	0.05531
19.59	48.75	0.2688
21.45	48.75	0.2292
23.32	48.75	0.3942
25.18	48.75	0.3428
27.05	48.75	0.226
28.91	48.75	0.2414
30.78	48.75	0.2639
32.64	48.75	0.2424
34.51	48.75	0.2506
36.37	48.75	0.206
38.24	48.75	0.1372
5	50.63	0.1781
6.528	50.63	0.2028
8.394	50.63	0.1893
10.26	50.63	0.03484
12.12	50.63	0.08635
13.99	50.63	0.1809
15.85	50.63	0.5485
17.72	50.63	1.056
19.59	50.63	0.3265
21.45	50.63	0.2517
23.32	50.63	0.2731
25.18	50.63	0.1876
27.05	50.63	0.1322
28.91	50.63	0.1434
30.78	50.63	0.03925
32.64	50.63	0.05338
34.51	50.63	0.08176
36.37	50.63	0.16
38.24	50.63	0.004176
5	52.5	0.1038
6.528	52.5	0.1786
8.394	52.5	0.7267
10.26	52.5	0.2572
12.12	52.5	0.1923
13.99	52.5	0.1473
15.85	52.5	0.1395
17.72	52.5	0.1455
19.59	52.5	0.1858
21.45	52.5	0.2666
23.32	52.5	0.3283
25.18	52.5	0.2989
27.05	52.5	0.1894
28.91	52.5	0.1222
30.78	52.5	0.07645
32.64	52.5	0.2573
34.51	52.5	0.07419
36.37	52.5	0.05632
38.24	52.5	0.04371
5	54.38	0.06474
6.528	54.38	0.1751
8.394	54.38	0.2274
10.26	54.38	0.1596
12.12	54.38	0.1596
13.99	54.38	0.1818
15.85	54.38	0.2391
17.72	54.38	0.3182
19.59	54.38	0.4204
21.45	54.38	0.3294
23.32	54.38	0.1549
25.18	54.38	0.2
27.05	54.38	0.2182
28.91	54.38	0.3013
30.78	54.38	0.3714
32.64	54.38	0.6155
34.51	54.38	0.6145
36.37	54.38	0.668
38.24	54.38	0.1485
5	56.25	0.1244
6.528	56.25	0.1869
8.394	56.25	0.1606
10.26	56.25	0.2
12.12	56.25	0.2421
13.99	56.25	0.02708
15.85	56.25	0.1774
17.72	56.25	0.225
19.59	56.25	0.232
21.45	56.25	0.124
23.32	56.25	0.313
25.18	56.25	0.1237
27.05	56.25	0.1198
28.91	56.25	0.08736
30.78	56.25	0.07338
32.64	56.25	0.09205
34.51	56.25	0.07145
36.37	56.25	0.03797
38.24	56.25	0.03172
5	58.13	0.05227
6.528	58.13	0.1259
8.394	58.13	0.2482
10.26	58.13	0.6536
12.12	58.13	0.5534
13.99	58.13	0.4377
15.85	58.13	0.7607
17.72	58.13	0.1247
19.59	58.13	0.1086
21.45	58.13	0.4296
23.32	58.13	0.1
25.18	58.13	0.1419
27.05	58.13	0.117
28.91	58.13	0.0685
30.78	58.13	0.104
32.64	58.13	0.2283
34.51	58.13	0.1665
36.37	58.13	0.1703
38.24	58.13	0.1172
5	60	0.01051
6.528	60	0.1045
8.394	60	0.204
10.26	60	0.1455
12.12	60	0.5359
13.99	60	0.1431
15.85	60	0.2306
17.72	60	0.2206
19.59	60	0.4419
21.45	60	0.3074
23.32	60	0.301
25.18	60	0.1767
27.05	60	0.1409
28.91	60	0.1622
30.78	60	0.2058
32.64	60	0.1052
34.51	60	0.07135
36.37	60	0.05683
38.24	60	0.178
5	61.88	0.2675
6.528	61.88	0.2716
8.394	61.88	0.2554
10.26	61.88	0.3604
12.12	61.88	0.2671
13.99	61.88	0.1849
15.85	61.88	0.1477
17.72	61.88	0.1157
19.59	61.88	0.1048
21.45	61.88	0.1176
23.32	61.88	0.1315
25.18	61.88	0.1063
27.05	61.88	0.07646
28.91	61.88	0.07987
30.78	61.88	0.09099
32.64	61.88	0.06649
34.51	61.88	0.09142
36.37	61.88	0.06746
38.24	61.88	0.44
5	63.75	0.4393
6.528	63.75	0.152
8.394	63.75	0.2978
10.26	63.75	0.2729
12.12	63.75	0.1492
13.99	63.75	0.1289
15.85	63.75	0.148
17.72	63.75	0.1158
19.59	63.75	0.1317
21.45	63.75	0.15
23.32	63.75	0.1217
25.18	63.75	0.1992
27.05	63.75	0.2182
28.91	63.75	0.2037
30.78	63.75	0.1039
32.64	63.75	0.08931
34.51	63.75	0.3
36.37	63.75	0.3089
38.24	63.75	0.043
5	65.63	0.07662
6.528	65.63	0.09036
8.394	65.63	0.02794
10.26	65.63	0.0306
12.12	65.63	0.03582
13.99	65.63	0.04606
15.85	65.63	0.02901
17.72	65.63	0.05
19.59	65.63	0.1508
21.45	65.63	0.2499
23.32	65.63	0.2486
25.18	65.63	0.09221
27.05	65.63	0.08402
28.91	65.63	0.0754
30.78	65.63	0.05822
32.64	65.63	0.05513
34.51	65.63	0.046
36.37	65.63	0.06053
38.24	65.63	0.05177
5	67.5	0.06511
6.528	67.5	0.1301
8.394	67.5	0.2163
10.26	67.5	0.2607
12.12	67.5	0.2353
13.99	67.5	0.2048
15.85	67.5	0.08661
17.72	67.5	0.2416
19.59	67.5	0.4
21.45	67.5	0.2636
23.32	67.5	0.279
25.18	67.5	0.3357
27.05	67.5	0.3402
28.91	67.5	0.1344
30.78	67.5	0.07197
32.64	67.5	0.0828
34.51	67.5	0.01479
36.37	67.5	0.06061
38.24	67.5	0.175
5	69.38	0.1768
6.528	69.38	0.1492
8.394	69.38	0.2248
10.26	69.38	0.152
12.12	69.38	0.1003
13.99	69.38	0.1491
15.85	69.38	0.312
17.72	69.38	0.3835
19.59	69.38	0.03346
21.45	69.38	0.08691
23.32	69.38	0.05994
25.18	69.38	0.03591
27.05	69.38	0.04894
28.91	69.38	0.03332
30.78	69.38	0.1041
32.64	69.38	0.1381
34.51	69.38	0.3421
36.37	69.38	0.2706
38.24	69.38	0.1917
5	71.25	0.1532
6.528	71.25	0.2372
8.394	71.25	0.2018
10.26	71.25	0.2185
12.12	71.25	0.1544
13.99	71.25	0.1291
15.85	71.25	0.1382
17.72	71.25	0.1347
19.59	71.25	0.1155
21.45	71.25	0.09569
23.32	71.25	0.09553
25.18	71.25	0.1057
27.05	71.25	0.1028
28.91	71.25	0.09397
30.78	71.25	2.217
32.64	71.25	1.498
34.51	71.25	0.8171
36.37	71.25	0.6857
38.24	71.25	0.2434
5	73.13	0.2039
6.528	73.13	0.1938
8.394	73.13	0.3513
10.26	73.13	0.4432
12.12	73.13	0.1405
13.99	73.13	0.1311
15.85	73.13	0.3184
17.72	73.13	0.2207
19.59	73.13	0.2191
21.45	73.13	0.2105
23.32	73.13	0.2002
25.18	73.13	0.2042
27.05	73.13	0.1946
28.91	73.13	0.1286
30.78	73.13	0.1499
32.64	73.13	0.08665
34.51	73.13	0.2518
36.37	73.13	0.4567
38.24	73.13	0.3839
5	75	0.03111
6.528	75	0.1934
8.394	75	0.03346
10.26	75	0.0326
12.12	75	0.1311
13.99	75	0.3682
15.85	75	0.925
17.72	75	1.878
19.59	75	1.034
21.45	75	0.3426
23.32	75	0.06572
25.18	75	0.1081
27.05	75	0.09873
28.91	75	0.1416
30.78	75	0.1157
32.64	75	0.07434
34.51	75	0.03328
36.37	75	0.01547
38.24	75	0.01087
5	76.88	0.07128
6.528	76.88	0.1327
8.394	76.88	0.1968
10.26	76.88	0.1558
12.12	76.88	0.1111
13.99	76.88	4.427
15.85	76.88	2.383
17.72	76.88	0.9761
19.59	76.88	0.225
21.45	76.88	0.2188
23.32	76.88	0.35
25.18	76.88	0.1893
27.05	76.88	0.2596
28.91	76.88	0.325
30.78	76.88	0.2
32.64	76.88	0.2307
34.51	76.88	0.2381
36.37	76.88	0.1158
38.24	76.88	0.1156
5	78.75	0.1087
6.528	78.75	0.2314
8.394	78.75	0.2348
10.26	78.75	0.1989
12.12	78.75	0.2342
13.99	78.75	0.1437
15.85	78.75	0.4318
17.72	78.75	0.4441
19.59	78.75	0.2575
21.45	78.75	0.2169
23.32	78.75	0.1537
25.18	78.75	0.1094
27.05	78.75	0.04559
28.91	78.75	0.025
30.78	78.75	0.05
32.64	78.75	0.1
34.51	78.75	0.6307
36.37	78.75	1.842
38.24	78.75	1.172
5	80.63	0.07145
6.528	80.63	0.1233
8.394	80.63	0.2421
10.26	80.63	0.2592
12.12	80.63	0.1595
13.99	80.63	0.1316
15.85	80.63	0.1187
17.72	80.63	0.1387
19.59	80.63	0.1424
21.45	80.63	0.1183
23.32	80.63	0.1067
25.18	80.63	0.1425
27.05	80.63	0.1607
28.91	80.63	0.05471
30.78	80.63	0.02295
32.64	80.63	0.7968
34.51	80.63	0.3314
36.37	80.63	0.07009
38.24	80.63	0.06826
5	82.5	0.1539
6.528	82.5	0.07043
8.394	82.5	0.07408
10.26	82.5	0.1031
12.12	82.5	0.1711
13.99	82.5	0.2719
15.85	82.5	0.3423
17.72	82.5	0.2267
19.59	82.5	0.2242
21.45	82.5	0.2241
23.32	82.5	0.195
25.18	82.5	0.2489
27.05	82.5	0.4257
28.91	82.5	0.7076
30.78	82.5	0.6887
32.64	82.5	0.2919
34.51	82.5	0.3658
36.37	82.5	0.1282
38.24	82.5	0.05034
5	84.38	0.06062
6.528	84.38	0.03912
8.394	84.38	0.175
10.26	84.38	0.03342
12.12	84.38	0.05345
13.99	84.38	0.06912
15.85	84.38	0.1363
17.72	84.38	0.4515
19.59	84.38	1.741
21.45	84.38	0.6266
23.32	84.38	0.1273
25.18	84.38	0.1663
27.05	84.38	0.07006
28.91	84.38	0.01355
30.78	84.38	0.007613
32.64	84.38	0.02477
34.51	84.38	0.01297
36.37	84.38	0.01545
38.24	84.38	0.03629
5	86.25	0.04677
6.528	86.25	0.08948
8.394	86.25	0.182
10.26	86.25	0.265
12.12	86.25	0.1991
13.99	86.25	0.1538
15.85	86.25	0.8835
17.72	86.25	0.1
19.59	86.25	0.03707
21.45	86.25	0.07732
23.32	86.25	0.05265
25.18	86.25	0.06071
27.05	86.25	0.0689
28.91	86.25	0.02966
30.78	86.25	0.217
32.64	86.25	0.3325
34.51	86.25	0.3338
36.37	86.25	0.1924
38.24	86.25	0.1066
5	88.13	0.2456
6.528	88.13	0.3375
8.394	88.13	0.1011
10.26	88.13	0.1201
12.12	88.13	0.03157
13.99	88.13	0.02644
15.85	88.13	0.03266
17.72	88.13	0.02555
19.59	88.13	0.03089
21.45	88.13	0.1859
23.32	88.13	0.1202
25.18	88.13	0.05
27.05	88.13	0.02617
28.91	88.13	0.02606
30.78	88.13	0.2285
32.64	88.13	0.09183
34.51	88.13	0.1655
36.37	88.13	0.5911
38.24	88.13	0.5501
5	90	0.446
6.528	90	0.09648
8.394	90	0.1528
10.26	90	0.2236
12.12	90	0.2004
13.99	90	0.1494
15.85	90	0.1245
17.72	90	0.1235
19.59	90	0.1399
21.45	90	0.1683
23.32	90	0.1634
25.18	90	0.1338
27.05	90	0.0969
28.91	90	0.02045
30.78	90	0.0175
32.64	90	0.03845
34.51	90	0.15
36.37	90	0.05528
38.24	90	0.05438
5	91.88	0.1059
6.528	91.88	0.07107
8.394	91.88	0.0735
10.26	91.88	0.06566
12.12	91.88	0.03638
13.99	91.88	0.03422
15.85	91.88	0.41
17.72	91.88	0.3847
19.59	91.88	0.1852
21.45	91.88	0.02778
23.32	91.88	0.05279
25.18	91.88	0.03846
27.05	91.88	0.1353
28.91	91.88	0.02799
30.78	91.88	0.02774
32.64	91.88	0.02607
34.51	91.88	0.02839
36.37	91.88	0.02541
38.24	91.88	0.03129
5	93.75	0.05
6.528	93.75	0.025
8.394	93.75	0.02551
10.26	93.75	0.05
12.12	93.75	0.3343
13.99	93.75	0.7492
15.85	93.75	0.7329
17.72	93.75	1.008
19.59	93.75	1.235
21.45	93.75	0.2992
23.32	93.75	0.09197
25.18	93.75	0.09845
27.05	93.75	0.1578
28.91	93.75	0.03903
30.78	93.75	0.01123
32.64	93.75	0.02294
34.51	93.75	0.01897
36.37	93.75	0.01706
38.24	93.75	0.01868
5	95.63	0.04455
6.528	95.63	0.07465
8.394	95.63	0.1405
10.26	95.63	0.02297
12.12	95.63	0.3553
13.99	95.63	0.3129
15.85	95.63	0.2607
17.72	95.63	0.09171
19.59	95.63	0.03908
21.45	95.63	0.03673
23.32	95.63	0.2127
25.18	95.63	0.07847
27.05	95.63	0.0799
28.91	95.63	0.03842
30.78	95.63	0.03909
32.64	95.63	0.325
34.51	95.63	0.1109
36.37	95.63	0.07385
38.24	95.63	0.03163
5	97.5	0.05086
6.528	97.5	0.02924
8.394	97.5	0.0302
10.26	97.5	0.0421
12.12	97.5	0.02774
13.99	97.5	0.03535
15.85	97.5	0.02648
17.72	97.5	0.025
19.59	97.5	0.02226
21.45	97.5	0.05042
23.32	97.5	0.05
25.18	97.5	0.06794
27.05	97.5	0.0791
28.91	97.5	0.05639
30.78	97.5	0.01132
32.64	97.5	0.459
34.51	97.5	0.5167
36.37	97.5	0.4844
38.24	97.5	0.2507
5	99.38	0.07594
6.528	99.38	0.09461
8.394	99.38	0.1506
10.26	99.38	0.1148
12.12	99.38	0.1249
13.99	99.38	0.1277
15.85	99.38	0.1113
17.72	99.38	0.1326
19.59	99.38	0.125
21.45	99.38	0.09387
23.32	99.38	0.08452
25.18	99.38	0.06097
27.05	99.38	0.05045
28.91	99.38	0.03087
30.78	99.38	0.1232
32.64	99.38	0.08087
34.51	99.38	0.0297
36.37	99.38	0.03561
38.24	99.38	0.02757
5	101.3	0.08004
6.528	101.3	0.06023
8.394	101.3	0.075
10.26	101.3	0.1
12.12	101.3	0.06315
13.99	101.3	0.07206
15.85	101.3	0.08033
17.72	101.3	0.05
19.59	101.3	0.2261
21.45	101.3	0.05
23.32	101.3	0.05
25.18	101.3	0.02929
27.05	101.3	0.01931
28.91	101.3	0.02632
30.78	101.3	0.025
32.64	101.3	0.02366
34.51	101.3	0.02805
36.37	101.3	0.03173
38.24	101.3	0.03286
5	103.1	0.2845
6.528	103.1	0.225
8.394	103.1	0.02823
10.26	103.1	0.1207
12.12	103.1	0.03597
13.99	103.1	0.2536
15.85	103.1	0.6757
17.72	103.1	0.4053
19.59	103.1	0.2523
21.45	103.1	0.2674
23.32	103.1	0.1909
25.18	103.1	0.1609
27.05	103.1	0.149
28.91	103.1	0.3173
30.78	103.1	0.2292
32.64	103.1	0.04352
34.51	103.1	0.01852
36.37	103.1	0.02413
38.24	103.1	0.02445
5	105	0.09565
6.528	105	0.1344
8.394	105	0.1215
10.26	105	0.1344
12.12	105	0.1264
13.99	105	0.03747
15.85	105	0.0268
17.72	105	0.03106
19.59	105	0.03115
21.45	105	0.1
23.32	105	0.054
25.18	105	0.191
27.05	105	0.4426
28.91	105	0.6308
30.78	105	0.075
32.64	105	0.4152
34.51	105	0.06571
36.37	105	0.04632
38.24	105	0.04577
5	106.9	0.03282
6.528	106.9	0.02525
8.394	106.9	0.1746
10.26	106.9	0.2017
12.12	106.9	0.1701
13.99	106.9	0.1
15.85	106.9	0.02982
17.72	106.9	0.05
19.59	106.9	0.04124
21.45	106.9	0.02563
23.32	106.9	0.02844
25.18	106.9	0.03565
27.05	106.9	0.05476
28.91	106.9	0.06027
30.78	106.9	0.2
32.64	106.9	0.1446
34.51	106.9	0.1458
36.37	106.9	0.09545
38.24	106.9	0.07503
5	108.8	0.04665
6.528	108.8	0.1012
8.394	108.8	0.155
10.26	108.8	0.1606
12.12	108.8	0.1665
13.99	108.8	0.206
15.85	108.8	0.3035
17.72	108.8	0.3944
19.59	108.8	0.3087
21.45	108.8	0.2023
23.32	108.8	0.2234
25.18	108.8	0.2936
27.05	108.8	0.3484
28.91	108.8	0.1358
30.78	108.8	0.08558
32.64	108.8	0.05
34.51	108.8	0.03587
36.37	108.8	0.03372
38.24	108.8	0.09592
5	110.6	0.1654
6.528	110.6	0.05678
8.394	110.6	0.2622
10.26	110.6	0.6267
12.12	110.6	0.2026
13.99	110.6	0.3159
15.85	110.6	1.68
17.72	110.6	0.1376
19.59	110.6	0.1748
21.45	110.6	0.1
23.32	110.6	0.1
25.18	110.6	0.0521
27.05	110.6	0.02529
28.91	110.6	0.02751
30.78	110.6	0.1136
32.64	110.6	0.03726
34.51	110.6	0.05235
36.37	110.6	0.03724
38.24	110.6	0.02582
5	112.5	0.02741
6.528	112.5	0.05398
8.394	112.5	0.1
10.26	112.5	0.1492
12.12	112.5	0.2
13.99	112.5	0.302
15.85	112.5	0.2163
17.72	112.5	0.06098
19.59	112.5	0.36
21.45	112.5	0.2105
23.32	112.5	0.1592
25.18	112.5	0.2315
27.05	112.5	0.2871
28.91	112.5	0.3743
30.78	112.5	0.3299
32.64	112.5	0.3062
34.51	112.5	0.2398
36.37	112.5	0.226
38.24	112.5	0.1172
5	114.4	0.024
6.528	114.4	0.04223
8.394	114.4	0.04155
10.26	114.4	0.0609
12.12	114.4	0.1194
13.99	114.4	0.1814
15.85	114.4	0.2087
17.72	114.4	0.3942
19.59	114.4	0.6151
21.45	114.4	1.597
23.32	114.4	1.398
25.18	114.4	0.5793
27.05	114.4	0.5473
28.91	114.4	1.919
30.78	114.4	0.4329
32.64	114.4	2.177
34.51	114.4	3.752
36.37	114.4	4.196
38.24	114.4	0.0007674
5	116.3	0.03294
6.528	116.3	0.001969
8.394	116.3	0.03803
10.26	116.3	0.03958
12.12	116.3	0.07352
13.99	116.3	0.1373
15.85	116.3	0.5604
17.72	116.3	1.155
19.59	116.3	1.296
21.45	116.3	1.518
23.32	116.3	1.345
25.18	116.3	2.048
27.05	116.3	2.349
28.91	116.3	1.636
30.78	116.3	1.596
32.64	116.3	1.078
34.51	116.3	0.6278
36.37	116.3	0.1959
38.24	116.3	0.1863
5	118.1	0.02513
6.528	118.1	0.01735
8.394	118.1	0.03097
10.26	118.1	0.03384
12.12	118.1	0.03703
13.99	118.1	0.08465
15.85	118.1	0.1242
17.72	118.1	0.193
19.59	118.1	0.2968
21.45	118.1	0.281
23.32	118.1	0.2493
25.18	118.1	0.1981
27.05	118.1	0.2656
28.91	118.1	0.2838
30.78	118.1	0.04722
32.64	118.1	0.004726
34.51	118.1	0.5359
36.37	118.1	0.6764
38.24	118.1	0.8228
