4.663	30	0
6.528	30	0
8.394	30	0
10.26	30	0
12.12	30	0
13.99	30	0
15.85	30	0
17.72	30	0
19.59	30	0
21.45	30	0
23.32	30	0
25.18	30	0
27.05	30	0
28.91	30	0.05768
30.78	30	0.03533
32.64	30	0.01019
34.51	30	0.006447
36.37	30	0.06652
38.24	30	0
4.663	31.88	0
6.528	31.88	0
8.394	31.88	0
10.26	31.88	0
12.12	31.88	0
13.99	31.88	0
15.85	31.88	0
17.72	31.88	0
19.59	31.88	0
21.45	31.88	0
23.32	31.88	0
25.18	31.88	0
27.05	31.88	0.009628
28.91	31.88	0.02279
30.78	31.88	0.01056
32.64	31.88	0.01319
34.51	31.88	8.147e-14
36.37	31.88	0.04975
38.24	31.88	0
4.663	33.75	0
6.528	33.75	0
8.394	33.75	0
10.26	33.75	0
12.12	33.75	0
13.99	33.75	0
15.85	33.75	0
17.72	33.75	0
19.59	33.75	0
21.45	33.75	0
23.32	33.75	0
25.18	33.75	0.03494
27.05	33.75	0.006106
28.91	33.75	0.009782
30.78	33.75	0.01255
32.64	33.75	0.04929
34.51	33.75	0.01096
36.37	33.75	0.02294
38.24	33.75	0
4.663	35.63	0
6.528	35.63	0
8.394	35.63	0
10.26	35.63	0
12.12	35.63	0
13.99	35.63	0
15.85	35.63	0
17.72	35.63	0
19.59	35.63	0
21.45	35.63	0.04577
23.32	35.63	0.04687
25.18	35.63	0.009987
27.05	35.63	0.02335
28.91	35.63	0.03811
30.78	35.63	0.01895
32.64	35.63	0.01147
34.51	35.63	0.02952
36.37	35.63	0.1453
38.24	35.63	0
4.663	37.5	0
6.528	37.5	0
8.394	37.5	0
10.26	37.5	0
12.12	37.5	0
13.99	37.5	0
15.85	37.5	0
17.72	37.5	0
19.59	37.5	0.1538
21.45	37.5	0.03392
23.32	37.5	0.01295
25.18	37.5	0.02815
27.05	37.5	0.01615
28.91	37.5	0.01601
30.78	37.5	0.02379
32.64	37.5	0.05045
34.51	37.5	0.0387
36.37	37.5	0.05813
38.24	37.5	0
4.663	39.38	0
6.528	39.38	0
8.394	39.38	0
10.26	39.38	0
12.12	39.38	0
13.99	39.38	0
15.85	39.38	0
17.72	39.38	0.0618
19.59	39.38	0.02967
21.45	39.38	0.01465
23.32	39.38	0.06883
25.18	39.38	0.01074
27.05	39.38	0.01024
28.91	39.38	0.01456
30.78	39.38	0.01781
32.64	39.38	0.03845
34.51	39.38	0.0232
36.37	39.38	0
38.24	39.38	0
4.663	41.25	0
6.528	41.25	0
8.394	41.25	0
10.26	41.25	0
12.12	41.25	0
13.99	41.25	0
15.85	41.25	0.03491
17.72	41.25	0.07494
19.59	41.25	0.03058
21.45	41.25	0.02746
23.32	41.25	0.01705
25.18	41.25	0.01396
27.05	41.25	0.01576
28.91	41.25	0.02169
30.78	41.25	0.009251
32.64	41.25	0.01905
34.51	41.25	1.417e-05
36.37	41.25	0
38.24	41.25	0
4.663	43.13	0
6.528	43.13	0
8.394	43.13	0
10.26	43.13	0
12.12	43.13	0.08773
13.99	43.13	0.02271
15.85	43.13	0.01922
17.72	43.13	0.02919
19.59	43.13	0.05783
21.45	43.13	0.07195
23.32	43.13	0.06689
25.18	43.13	0.01711
27.05	43.13	0.008587
28.91	43.13	0.009832
30.78	43.13	0.009662
32.64	43.13	0.01372
34.51	43.13	0
36.37	43.13	0
38.24	43.13	0
4.663	45	0
6.528	45	0
8.394	45	0
10.26	45	0.06768
12.12	45	0.1043
13.99	45	0.06639
15.85	45	0.03523
17.72	45	0.04021
19.59	45	0.07297
21.45	45	0.08111
23.32	45	0.08022
25.18	45	0.04073
27.05	45	0.08178
28.91	45	0.00728
30.78	45	0.125
32.64	45	0.01404
34.51	45	0
36.37	45	0.01505
38.24	45	0
4.663	46.88	0
6.528	46.88	0
8.394	46.88	0.08392
10.26	46.88	0.0985
12.12	46.88	0.07497
13.99	46.88	0.006052
15.85	46.88	0.02925
17.72	46.88	0.07648
19.59	46.88	0.07334
21.45	46.88	0.04526
23.32	46.88	0.03933
25.18	46.88	0.0859
27.05	46.88	0.07024
28.91	46.88	0.1465
30.78	46.88	0.04389
32.64	46.88	0.001262
34.51	46.88	0.08259
36.37	46.88	0.02009
38.24	46.88	0
4.663	48.75	0
6.528	48.75	0.07562
8.394	48.75	0.09127
10.26	48.75	0.06283
12.12	48.75	0.02835
13.99	48.75	0.04184
15.85	48.75	0.06123
17.72	48.75	0.07016
19.59	48.75	0.0271
21.45	48.75	0.04457
23.32	48.75	0.06225
25.18	48.75	0.1126
27.05	48.75	0.1006
28.91	48.75	0.09985
30.78	48.75	0.0299
32.64	48.75	0
34.51	48.75	0.009648
36.37	48.75	0.03845
38.24	48.75	0
4.663	50.63	0.07257
6.528	50.63	0.08973
8.394	50.63	0.06204
10.26	50.63	0.02492
12.12	50.63	0.07282
13.99	50.63	0.05425
15.85	50.63	0.04811
17.72	50.63	0.04527
19.59	50.63	0.06138
21.45	50.63	0.04627
23.32	50.63	0.04102
25.18	50.63	0.03487
27.05	50.63	0.07993
28.91	50.63	0.006212
30.78	50.63	0
32.64	50.63	0.02018
34.51	50.63	0.01312
36.37	50.63	1.062e-09
38.24	50.63	0
4.663	52.5	0.04287
6.528	52.5	0.03588
8.394	52.5	0.06516
10.26	52.5	0.08669
12.12	52.5	0.07075
13.99	52.5	0.01873
15.85	52.5	0.02914
17.72	52.5	0.03738
19.59	52.5	0.04729
21.45	52.5	0.03871
23.32	52.5	0.01442
25.18	52.5	0.06236
27.05	52.5	0.008101
28.91	52.5	0.02137
30.78	52.5	0.009452
32.64	52.5	0.00961
34.51	52.5	0.01615
36.37	52.5	0.008465
38.24	52.5	0
4.663	54.38	0.03934
6.528	54.38	0.06156
8.394	54.38	0.06737
10.26	54.38	0.01502
12.12	54.38	0.03833
13.99	54.38	0.009019
15.85	54.38	0.01038
17.72	54.38	0.03548
19.59	54.38	0.004661
21.45	54.38	0.05889
23.32	54.38	0.03108
25.18	54.38	0.06621
27.05	54.38	0.06299
28.91	54.38	0.02063
30.78	54.38	0.009214
32.64	54.38	0.005423
34.51	54.38	0.1173
36.37	54.38	0.01174
38.24	54.38	0
4.663	56.25	0.04295
6.528	56.25	0.04116
8.394	56.25	0.009717
10.26	56.25	0.02287
12.12	56.25	0.02008
13.99	56.25	0.01043
15.85	56.25	0.02061
17.72	56.25	0.04759
19.59	56.25	0.0131
21.45	56.25	0.01717
23.32	56.25	0.01273
25.18	56.25	0.02048
27.05	56.25	0.07453
28.91	56.25	0.008871
30.78	56.25	0.01328
32.64	56.25	0.02441
34.51	56.25	0.002794
36.37	56.25	0.005224
38.24	56.25	0
4.663	58.13	0.05217
6.528	58.13	0.0169
8.394	58.13	0.03569
10.26	58.13	0.07544
12.12	58.13	0.01881
13.99	58.13	0.01779
15.85	58.13	0.01443
17.72	58.13	0.007234
19.59	58.13	0.01906
21.45	58.13	0.04521
23.32	58.13	0.04662
25.18	58.13	0.0343
27.05	58.13	0.03808
28.91	58.13	0.02621
30.78	58.13	0.01698
32.64	58.13	0.008955
34.51	58.13	0.02044
36.37	58.13	0.07295
38.24	58.13	0
4.663	60	0.006418
6.528	60	0.0385
8.394	60	0.03326
10.26	60	0.03589
12.12	60	0.006458
13.99	60	0.03385
15.85	60	0.07878
17.72	60	0.01942
19.59	60	0.02142
21.45	60	0.03019
23.32	60	0.05675
25.18	60	0.1134
27.05	60	0.04649
28.91	60	0.008247
30.78	60	0.006412
32.64	60	0.004805
34.51	60	0.05039
36.37	60	0.009504
38.24	60	0
4.663	61.88	0.03311
6.528	61.88	0.06847
8.394	61.88	0.05665
10.26	61.88	0.04898
12.12	61.88	0.0114
13.99	61.88	0.06555
15.85	61.88	0.01013
17.72	61.88	0.009375
19.59	61.88	0.02521
21.45	61.88	0.02393
23.32	61.88	0.02193
25.18	61.88	0.13
27.05	61.88	0.02071
28.91	61.88	0.009085
30.78	61.88	0.01544
32.64	61.88	0.02568
34.51	61.88	0.01295
36.37	61.88	0.01706
38.24	61.88	0
4.663	63.75	0.08655
6.528	63.75	0.07019
8.394	63.75	0.007016
10.26	63.75	0.00477
12.12	63.75	0.0522
13.99	63.75	0.0797
15.85	63.75	0.04333
17.72	63.75	0.00867
19.59	63.75	0.02665
21.45	63.75	0.01186
23.32	63.75	0.01931
25.18	63.75	0.1117
27.05	63.75	0.01384
28.91	63.75	0.01095
30.78	63.75	0.005739
32.64	63.75	0.007301
34.51	63.75	0.02883
36.37	63.75	0.009716
38.24	63.75	0
4.663	65.63	0.08467
6.528	65.63	0.02842
8.394	65.63	0.01776
10.26	65.63	0.01176
12.12	65.63	0.03837
13.99	65.63	0.01383
15.85	65.63	0.005137
17.72	65.63	0.0342
19.59	65.63	0.01253
21.45	65.63	0.02067
23.32	65.63	0.02445
25.18	65.63	0.09899
27.05	65.63	0.01631
28.91	65.63	0.005525
30.78	65.63	0.004805
32.64	65.63	0.01388
34.51	65.63	0.01715
36.37	65.63	0.007714
38.24	65.63	0
4.663	67.5	0.06139
6.528	67.5	0.006278
8.394	67.5	0.009234
10.26	67.5	0.0375
12.12	67.5	0.01259
13.99	67.5	0.05366
15.85	67.5	0.2306
17.72	67.5	0.02164
19.59	67.5	0.01575
21.45	67.5	0.01967
23.32	67.5	0.1197
25.18	67.5	0.1529
27.05	67.5	0.00772
28.91	67.5	0.002948
30.78	67.5	0.0174
32.64	67.5	0.01628
34.51	67.5	0.004771
36.37	67.5	0.005674
38.24	67.5	0
4.663	69.38	0.06321
6.528	69.38	0.06208
8.394	69.38	0.05576
10.26	69.38	0.005275
12.12	69.38	0.02097
13.99	69.38	0.08642
15.85	69.38	0.02037
17.72	69.38	0.01655
19.59	69.38	0.03023
21.45	69.38	0.04892
23.32	69.38	0.1554
25.18	69.38	0.02769
27.05	69.38	0.008908
28.91	69.38	0.006625
30.78	69.38	0
32.64	69.38	0.09499
34.51	69.38	0.01039
36.37	69.38	0.02015
38.24	69.38	0
4.663	71.25	0.05448
6.528	71.25	0.02139
8.394	71.25	0.007704
10.26	71.25	0.02048
12.12	71.25	3.578e-05
13.99	71.25	0.1003
15.85	71.25	0.001511
17.72	71.25	0.046
19.59	71.25	0.07483
21.45	71.25	0.05861
23.32	71.25	0.05805
25.18	71.25	0.009682
27.05	71.25	0.05419
28.91	71.25	0.02114
30.78	71.25	0.01922
32.64	71.25	0.1134
34.51	71.25	0.01078
36.37	71.25	0.02884
38.24	71.25	0
4.663	73.13	0.04002
6.528	73.13	0.02465
8.394	73.13	0.02099
10.26	73.13	0.02714
12.12	73.13	0.09677
13.99	73.13	0.0902
15.85	73.13	0.01331
17.72	73.13	0.06371
19.59	73.13	0.03507
21.45	73.13	0.07436
23.32	73.13	0.05769
25.18	73.13	0.01749
27.05	73.13	0.02598
28.91	73.13	0.001747
30.78	73.13	0
32.64	73.13	0.00372
34.51	73.13	0.01792
36.37	73.13	0.03509
38.24	73.13	0
4.663	75	0.0407
6.528	75	0.0433
8.394	75	0.08206
10.26	75	0.1017
12.12	75	0.4196
13.99	75	0.04561
15.85	75	0.0333
17.72	75	0.02279
19.59	75	0.04498
21.45	75	0.02048
23.32	75	0.02296
25.18	75	0.007563
27.05	75	0.002411
28.91	75	0.006248
30.78	75	0
32.64	75	0
34.51	75	0.00801
36.37	75	0.02285
38.24	75	0
4.663	76.88	0.08471
6.528	76.88	0.08277
8.394	76.88	0.09992
10.26	76.88	0.1085
12.12	76.88	0.08656
13.99	76.88	0.05346
15.85	76.88	0.01715
17.72	76.88	0.05035
19.59	76.88	0.01938
21.45	76.88	0.01415
23.32	76.88	0.0262
25.18	76.88	0.01176
27.05	76.88	0.004046
28.91	76.88	0.02671
30.78	76.88	0.06189
32.64	76.88	0
34.51	76.88	0.1153
36.37	76.88	0.05341
38.24	76.88	0
4.663	78.75	0.06541
6.528	78.75	0.05434
8.394	78.75	0.05586
10.26	78.75	0.06719
12.12	78.75	0.07948
13.99	78.75	0.0106
15.85	78.75	0.05225
17.72	78.75	0.03153
19.59	78.75	0.01002
21.45	78.75	0.01071
23.32	78.75	0.01018
25.18	78.75	0.006635
27.05	78.75	0.005857
28.91	78.75	0.2733
30.78	78.75	0
32.64	78.75	0
34.51	78.75	0
36.37	78.75	0
38.24	78.75	0
4.663	80.63	0.05934
6.528	80.63	0.05407
8.394	80.63	0.1234
10.26	80.63	0.05884
12.12	80.63	0.01563
13.99	80.63	0.006672
15.85	80.63	0.05788
17.72	80.63	0.01133
19.59	80.63	0.009065
21.45	80.63	0.01088
23.32	80.63	0.002407
25.18	80.63	0.005606
27.05	80.63	0.03351
28.91	80.63	0
30.78	80.63	0
32.64	80.63	0
34.51	80.63	0
36.37	80.63	0
38.24	80.63	0
4.663	82.5	0.04984
6.528	82.5	0.07205
8.394	82.5	0.06479
10.26	82.5	0.08116
12.12	82.5	0.06068
13.99	82.5	0.04977
15.85	82.5	1.803e-05
17.72	82.5	0.008313
19.59	82.5	0.01233
21.45	82.5	0.02961
23.32	82.5	0.01732
25.18	82.5	0.004393
27.05	82.5	0.2085
28.91	82.5	0
30.78	82.5	0
32.64	82.5	0
34.51	82.5	0
36.37	82.5	0
38.24	82.5	0
4.663	84.38	0.09044
6.528	84.38	0.1201
8.394	84.38	0.07901
10.26	84.38	0.06687
12.12	84.38	0.05358
13.99	84.38	0.009646
15.85	84.38	0.01608
17.72	84.38	0.01338
19.59	84.38	0.02863
21.45	84.38	0.05314
23.32	84.38	1.96e-05
25.18	84.38	0.2512
27.05	84.38	0
28.91	84.38	0
30.78	84.38	0
32.64	84.38	0
34.51	84.38	0
36.37	84.38	0
38.24	84.38	0
4.663	86.25	0.05489
6.528	86.25	0.04865
8.394	86.25	0.05586
10.26	86.25	0.0673
12.12	86.25	0.05528
13.99	86.25	0.05685
15.85	86.25	0.03954
17.72	86.25	0.01328
19.59	86.25	0.01048
21.45	86.25	0.1057
23.32	86.25	0.1328
25.18	86.25	0
27.05	86.25	0
28.91	86.25	0
30.78	86.25	0
32.64	86.25	0
34.51	86.25	0
36.37	86.25	0
38.24	86.25	0
4.663	88.13	0.04352
6.528	88.13	0.06192
8.394	88.13	0.05743
10.26	88.13	0.06555
12.12	88.13	0.1504
13.99	88.13	0.01815
15.85	88.13	0.01931
17.72	88.13	0.009372
19.59	88.13	0.004899
21.45	88.13	0
23.32	88.13	0
25.18	88.13	0
27.05	88.13	0
28.91	88.13	0
30.78	88.13	0
32.64	88.13	0
34.51	88.13	0
36.37	88.13	0
38.24	88.13	0
4.663	90	0.04296
6.528	90	0.0985
8.394	90	0.05176
10.26	90	2.914e-12
12.12	90	0.007374
13.99	90	0.02657
15.85	90	0.01795
17.72	90	0.004814
19.59	90	0
21.45	90	0
23.32	90	0
25.18	90	0
27.05	90	0
28.91	90	0
30.78	90	0
32.64	90	0
34.51	90	0
36.37	90	0
38.24	90	0
4.663	91.88	0.08657
6.528	91.88	0.03617
8.394	91.88	0.04969
10.26	91.88	0.004805
12.12	91.88	7.024e-06
13.99	91.88	0.08652
15.85	91.88	0.05128
17.72	91.88	0
19.59	91.88	0
21.45	91.88	0
23.32	91.88	0
25.18	91.88	0
27.05	91.88	0
28.91	91.88	0
30.78	91.88	0
32.64	91.88	0
34.51	91.88	0
36.37	91.88	0
38.24	91.88	0
4.663	93.75	0.05577
6.528	93.75	0.1397
8.394	93.75	0.004823
10.26	93.75	0.03949
12.12	93.75	0.01156
13.99	93.75	0
15.85	93.75	0
17.72	93.75	0
19.59	93.75	0
21.45	93.75	0
23.32	93.75	0
25.18	93.75	0
27.05	93.75	0
28.91	93.75	0
30.78	93.75	0
32.64	93.75	0
34.51	93.75	0
36.37	93.75	0
38.24	93.75	0
4.663	95.63	0.08657
6.528	95.63	0.004535
8.394	95.63	0.08429
10.26	95.63	0.04987
12.12	95.63	0
13.99	95.63	0
15.85	95.63	0
17.72	95.63	0
19.59	95.63	0
21.45	95.63	0
23.32	95.63	0
25.18	95.63	0
27.05	95.63	0
28.91	95.63	0
30.78	95.63	0
32.64	95.63	0
34.51	95.63	0
36.37	95.63	0
38.24	95.63	0
4.663	97.5	0.07457
6.528	97.5	0.05461
8.394	97.5	0.1057
10.26	97.5	0
12.12	97.5	0
13.99	97.5	0
15.85	97.5	0
17.72	97.5	0
19.59	97.5	0
21.45	97.5	0
23.32	97.5	0
25.18	97.5	0
27.05	97.5	0
28.91	97.5	0
30.78	97.5	0
32.64	97.5	0
34.51	97.5	0
36.37	97.5	0
38.24	97.5	0
4.663	99.38	0.1418
6.528	99.38	0
8.394	99.38	0
10.26	99.38	0
12.12	99.38	0
13.99	99.38	0
15.85	99.38	0
17.72	99.38	0
19.59	99.38	0
21.45	99.38	0
23.32	99.38	0
25.18	99.38	0
27.05	99.38	0
28.91	99.38	0
30.78	99.38	0
32.64	99.38	0
34.51	99.38	0
36.37	99.38	0
38.24	99.38	0
4.663	101.3	0
6.528	101.3	0
8.394	101.3	0
10.26	101.3	0
12.12	101.3	0
13.99	101.3	0
15.85	101.3	0
17.72	101.3	0
19.59	101.3	0
21.45	101.3	0
23.32	101.3	0
25.18	101.3	0
27.05	101.3	0
28.91	101.3	0
30.78	101.3	0
32.64	101.3	0
34.51	101.3	0
36.37	101.3	0
38.24	101.3	0
4.663	103.1	0
6.528	103.1	0
8.394	103.1	0
10.26	103.1	0
12.12	103.1	0
13.99	103.1	0
15.85	103.1	0
17.72	103.1	0
19.59	103.1	0
21.45	103.1	0
23.32	103.1	0
25.18	103.1	0
27.05	103.1	0
28.91	103.1	0
30.78	103.1	0
32.64	103.1	0
34.51	103.1	0
36.37	103.1	0
38.24	103.1	0
4.663	105	0
6.528	105	0
8.394	105	0
10.26	105	0
12.12	105	0
13.99	105	0
15.85	105	0
17.72	105	0
19.59	105	0
21.45	105	0
23.32	105	0
25.18	105	0
27.05	105	0
28.91	105	0
30.78	105	0
32.64	105	0
34.51	105	0
36.37	105	0
38.24	105	0
4.663	106.9	0
6.528	106.9	0
8.394	106.9	0
10.26	106.9	0
12.12	106.9	0
13.99	106.9	0
15.85	106.9	0
17.72	106.9	0
19.59	106.9	0
21.45	106.9	0
23.32	106.9	0
25.18	106.9	0
27.05	106.9	0
28.91	106.9	0
30.78	106.9	0
32.64	106.9	0
34.51	106.9	0
36.37	106.9	0
38.24	106.9	0
4.663	108.8	0
6.528	108.8	0
8.394	108.8	0
10.26	108.8	0
12.12	108.8	0
13.99	108.8	0
15.85	108.8	0
17.72	108.8	0
19.59	108.8	0
21.45	108.8	0
23.32	108.8	0
25.18	108.8	0
27.05	108.8	0
28.91	108.8	0
30.78	108.8	0
32.64	108.8	0
34.51	108.8	0
36.37	108.8	0
38.24	108.8	0
4.663	110.6	0
6.528	110.6	0
8.394	110.6	0
10.26	110.6	0
12.12	110.6	0
13.99	110.6	0
15.85	110.6	0
17.72	110.6	0
19.59	110.6	0
21.45	110.6	0
23.32	110.6	0
25.18	110.6	0
27.05	110.6	0
28.91	110.6	0
30.78	110.6	0
32.64	110.6	0
34.51	110.6	0
36.37	110.6	0
38.24	110.6	0
4.663	112.5	0
6.528	112.5	0
8.394	112.5	0
10.26	112.5	0
12.12	112.5	0
13.99	112.5	0
15.85	112.5	0
17.72	112.5	0
19.59	112.5	0
21.45	112.5	0
23.32	112.5	0
25.18	112.5	0
27.05	112.5	0
28.91	112.5	0
30.78	112.5	0
32.64	112.5	0
34.51	112.5	0
36.37	112.5	0
38.24	112.5	0
4.663	114.4	0
6.528	114.4	0
8.394	114.4	0
10.26	114.4	0
12.12	114.4	0
13.99	114.4	0
15.85	114.4	0
17.72	114.4	0
19.59	114.4	0
21.45	114.4	0
23.32	114.4	0
25.18	114.4	0
27.05	114.4	0
28.91	114.4	0
30.78	114.4	0
32.64	114.4	0
34.51	114.4	0.01922
36.37	114.4	0
38.24	114.4	0
4.663	116.3	0
6.528	116.3	0
8.394	116.3	0
10.26	116.3	0
12.12	116.3	0
13.99	116.3	0
15.85	116.3	0
17.72	116.3	0
19.59	116.3	0
21.45	116.3	0
23.32	116.3	0
25.18	116.3	0
27.05	116.3	0
28.91	116.3	0
30.78	116.3	0
32.64	116.3	0.005423
34.51	116.3	0.008171
36.37	116.3	0
38.24	116.3	0
4.663	118.1	0
6.528	118.1	0
8.394	118.1	0
10.26	118.1	0
12.12	118.1	0
13.99	118.1	0
15.85	118.1	0
17.72	118.1	0
19.59	118.1	0
21.45	118.1	0
23.32	118.1	0
25.18	118.1	0
27.05	118.1	0
28.91	118.1	0
30.78	118.1	0.00484
32.64	118.1	0.006643
34.51	118.1	0.006765
36.37	118.1	0
38.24	118.1	0
