5	30	0
6.528	30	0
8.394	30	0
10.26	30	0
12.12	30	0
13.99	30	0
15.85	30	0
17.72	30	0
19.59	30	0
21.45	30	0
23.32	30	0
25.18	30	0
27.05	30	0
28.91	30	0.2429
30.78	30	0.1226
32.64	30	0.2
34.51	30	0.3758
36.37	30	0.132
38.24	30	0
5	31.88	0
6.528	31.88	0
8.394	31.88	0
10.26	31.88	0
12.12	31.88	0
13.99	31.88	0
15.85	31.88	0
17.72	31.88	0
19.59	31.88	0
21.45	31.88	0
23.32	31.88	0
25.18	31.88	0
27.05	31.88	0.375
28.91	31.88	0.3059
30.78	31.88	0.1104
32.64	31.88	0.5092
34.51	31.88	0.2149
36.37	31.88	0.3318
38.24	31.88	0
5	33.75	0
6.528	33.75	0
8.394	33.75	0
10.26	33.75	0
12.12	33.75	0
13.99	33.75	0
15.85	33.75	0
17.72	33.75	0
19.59	33.75	0
21.45	33.75	0
23.32	33.75	0
25.18	33.75	0.7026
27.05	33.75	0.6276
28.91	33.75	0.1212
30.78	33.75	0.4334
32.64	33.75	0.4147
34.51	33.75	0.3088
36.37	33.75	0.409
38.24	33.75	0
5	35.63	0
6.528	35.63	0
8.394	35.63	0
10.26	35.63	0
12.12	35.63	0
13.99	35.63	0
15.85	35.63	0
17.72	35.63	0
19.59	35.63	0
21.45	35.63	0.7625
23.32	35.63	0.5469
25.18	35.63	0.5583
27.05	35.63	0.5151
28.91	35.63	0.5653
30.78	35.63	0.5899
32.64	35.63	0.02558
34.51	35.63	0.02527
36.37	35.63	0.1291
38.24	35.63	0
5	37.5	0
6.528	37.5	0
8.394	37.5	0
10.26	37.5	0
12.12	37.5	0
13.99	37.5	0
15.85	37.5	0
17.72	37.5	0
19.59	37.5	0.8583
21.45	37.5	0.5219
23.32	37.5	0.539
25.18	37.5	0.3471
27.05	37.5	0.1388
28.91	37.5	0.5209
30.78	37.5	0.5354
32.64	37.5	0.2385
34.51	37.5	0.25
36.37	37.5	0.0516
38.24	37.5	0
5	39.38	0
6.528	39.38	0
8.394	39.38	0
10.26	39.38	0
12.12	39.38	0
13.99	39.38	0
15.85	39.38	0
17.72	39.38	0.725
19.59	39.38	0.8934
21.45	39.38	0.6235
23.32	39.38	0.3695
25.18	39.38	0.7645
27.05	39.38	0.4444
28.91	39.38	0.6486
30.78	39.38	0.6546
32.64	39.38	0.4
34.51	39.38	0.3141
36.37	39.38	0.05
38.24	39.38	0
5	41.25	0
6.528	41.25	0
8.394	41.25	0
10.26	41.25	0
12.12	41.25	0
13.99	41.25	0
15.85	41.25	0.7959
17.72	41.25	0.8118
19.59	41.25	0.8741
21.45	41.25	0.5591
23.32	41.25	0.8
25.18	41.25	0.6277
27.05	41.25	0.4434
28.91	41.25	0.5402
30.78	41.25	0.4717
32.64	41.25	0.3955
34.51	41.25	0.3772
36.37	41.25	0.35
38.24	41.25	0
5	43.13	0
6.528	43.13	0
8.394	43.13	0
10.26	43.13	0
12.12	43.13	0.425
13.99	43.13	0.633
15.85	43.13	0.107
17.72	43.13	0.8921
19.59	43.13	0.4645
21.45	43.13	0.4089
23.32	43.13	0.4411
25.18	43.13	0.6036
27.05	43.13	0.5376
28.91	43.13	0.6125
30.78	43.13	0.294
32.64	43.13	0.2355
34.51	43.13	0
36.37	43.13	0.225
38.24	43.13	0
5	45	0
6.528	45	0
8.394	45	0
10.26	45	0.5689
12.12	45	0.02978
13.99	45	0.3916
15.85	45	0.3184
17.72	45	0.8562
19.59	45	0.753
21.45	45	0.7418
23.32	45	0.6768
25.18	45	0.7591
27.05	45	0.4405
28.91	45	0.7
30.78	45	0.3313
32.64	45	0.1243
34.51	45	0
36.37	45	0.9991
38.24	45	0
5	46.88	0
6.528	46.88	0
8.394	46.88	0.4725
10.26	46.88	0.4008
12.12	46.88	0.2491
13.99	46.88	0.2419
15.85	46.88	0.475
17.72	46.88	0.8091
19.59	46.88	0.6528
21.45	46.88	0.666
23.32	46.88	0.6939
25.18	46.88	0.2
27.05	46.88	0.675
28.91	46.88	0.2643
30.78	46.88	0.2356
32.64	46.88	0.2875
34.51	46.88	0.297
36.37	46.88	1.181
38.24	46.88	0
5	48.75	0
6.528	48.75	0.3859
8.394	48.75	0.1446
10.26	48.75	0.6366
12.12	48.75	0.3322
13.99	48.75	0.6134
15.85	48.75	0.74
17.72	48.75	0.7108
19.59	48.75	0.5174
21.45	48.75	0.5447
23.32	48.75	0.6409
25.18	48.75	0.4519
27.05	48.75	0.6429
28.91	48.75	0.3675
30.78	48.75	0.1307
32.64	48.75	0.1809
34.51	48.75	0.202
36.37	48.75	0.9904
38.24	48.75	0
5	50.63	0.2775
6.528	50.63	0.1521
8.394	50.63	0.2328
10.26	50.63	0.2382
12.12	50.63	0.8577
13.99	50.63	0.5683
15.85	50.63	0.475
17.72	50.63	0.6642
19.59	50.63	0.5178
21.45	50.63	0.5461
23.32	50.63	0.1256
25.18	50.63	0.2783
27.05	50.63	0.4086
28.91	50.63	0.1962
30.78	50.63	0.3502
32.64	50.63	0.1917
34.51	50.63	0.1985
36.37	50.63	0.7505
38.24	50.63	0
5	52.5	0.2325
6.528	52.5	0.1058
8.394	52.5	0.1088
10.26	52.5	0.2381
12.12	52.5	0.2629
13.99	52.5	0.3658
15.85	52.5	0.5231
17.72	52.5	0.4887
19.59	52.5	0.5197
21.45	52.5	0.2414
23.32	52.5	0.5767
25.18	52.5	0.3622
27.05	52.5	0.5038
28.91	52.5	0.45
30.78	52.5	0.1241
32.64	52.5	0.2642
34.51	52.5	0.3
36.37	52.5	0.4668
38.24	52.5	0
5	54.38	0.1542
6.528	54.38	0.1745
8.394	54.38	0.3356
10.26	54.38	0.2136
12.12	54.38	0.2619
13.99	54.38	0.3957
15.85	54.38	0.8866
17.72	54.38	0.4957
19.59	54.38	1.123
21.45	54.38	0.7071
23.32	54.38	0.424
25.18	54.38	0.3933
27.05	54.38	0.7235
28.91	54.38	0.1955
30.78	54.38	0.1138
32.64	54.38	0.1924
34.51	54.38	0.1419
36.37	54.38	0.225
38.24	54.38	0
5	56.25	0.2148
6.528	56.25	0.1986
8.394	56.25	0.2187
10.26	56.25	0.2072
12.12	56.25	0.3527
13.99	56.25	0.296
15.85	56.25	0.4538
17.72	56.25	0.7631
19.59	56.25	0.6771
21.45	56.25	0
23.32	56.25	0.4358
25.18	56.25	0.2975
27.05	56.25	0.2739
28.91	56.25	0.2163
30.78	56.25	0.05455
32.64	56.25	0.1
34.51	56.25	0.05286
36.37	56.25	0.205
38.24	56.25	0
5	58.13	0.2131
6.528	58.13	0.2705
8.394	58.13	0.1243
10.26	58.13	0.261
12.12	58.13	0.2339
13.99	58.13	0.2999
15.85	58.13	0.7422
17.72	58.13	0.5947
19.59	58.13	0
21.45	58.13	0.5014
23.32	58.13	0
25.18	58.13	0.1766
27.05	58.13	0.1809
28.91	58.13	0.1
30.78	58.13	0.1708
32.64	58.13	0.1843
34.51	58.13	0.03442
36.37	58.13	0.075
38.24	58.13	0
5	60	0.1978
6.528	60	0.4863
8.394	60	0.1462
10.26	60	0.1818
12.12	60	0.2371
13.99	60	0.5496
15.85	60	0.4415
17.72	60	0
19.59	60	0
21.45	60	0
23.32	60	0
25.18	60	0.1759
27.05	60	0.2322
28.91	60	0.2353
30.78	60	0.03549
32.64	60	0.1154
34.51	60	0.475
36.37	60	0.225
38.24	60	0
5	61.88	0.1856
6.528	61.88	0.1962
8.394	61.88	0.1279
10.26	61.88	0.1763
12.12	61.88	0.2996
13.99	61.88	0.5048
15.85	61.88	0.6562
17.72	61.88	0.3629
19.59	61.88	0
21.45	61.88	0
23.32	61.88	0.3319
25.18	61.88	0.275
27.05	61.88	0.05806
28.91	61.88	0.252
30.78	61.88	0.1922
32.64	61.88	0.1466
34.51	61.88	0.1618
36.37	61.88	0.3222
38.24	61.88	0
5	63.75	0.1454
6.528	63.75	0.1321
8.394	63.75	0.132
10.26	63.75	0.2553
12.12	63.75	1.196
13.99	63.75	0.485
15.85	63.75	0
17.72	63.75	0.2732
19.59	63.75	0
21.45	63.75	0.2788
23.32	63.75	0.5537
25.18	63.75	0.2768
27.05	63.75	0.2275
28.91	63.75	0.075
30.78	63.75	0.03071
32.64	63.75	0.1786
34.51	63.75	0.1312
36.37	63.75	0.09617
38.24	63.75	0
5	65.63	0.09805
6.528	65.63	0.1532
8.394	65.63	0.3663
10.26	65.63	0.2962
12.12	65.63	0.4685
13.99	65.63	0
15.85	65.63	0.4128
17.72	65.63	0.2531
19.59	65.63	0
21.45	65.63	0.1794
23.32	65.63	0.5504
25.18	65.63	0.21
27.05	65.63	0.1812
28.91	65.63	0.1522
30.78	65.63	0.1451
32.64	65.63	0.1066
34.51	65.63	0.025
36.37	65.63	0.35
38.24	65.63	0
5	67.5	0.1283
6.528	67.5	0.2029
8.394	67.5	0.4069
10.26	67.5	0.3398
12.12	67.5	0
13.99	67.5	0.4033
15.85	67.5	0.2143
17.72	67.5	0
19.59	67.5	0
21.45	67.5	0
23.32	67.5	1.925
25.18	67.5	0.2195
27.05	67.5	0.1867
28.91	67.5	0.1207
30.78	67.5	0.1297
32.64	67.5	0.1177
34.51	67.5	0.3
36.37	67.5	0.05392
38.24	67.5	0
5	69.38	0.136
6.528	69.38	0.4168
8.394	69.38	0.2668
10.26	69.38	0.3022
12.12	69.38	0.175
13.99	69.38	0.1918
15.85	69.38	0.3021
17.72	69.38	0.4719
19.59	69.38	0
21.45	69.38	1.052
23.32	69.38	0
25.18	69.38	0.0739
27.05	69.38	0.08429
28.91	69.38	0.3588
30.78	69.38	0.05
32.64	69.38	0.06989
34.51	69.38	0.475
36.37	69.38	0.225
38.24	69.38	0
5	71.25	0.2611
6.528	71.25	0.1676
8.394	71.25	0.3787
10.26	71.25	0.1835
12.12	71.25	0.1
13.99	71.25	0.2772
15.85	71.25	0.3344
17.72	71.25	0.3088
19.59	71.25	0.3504
21.45	71.25	0.3316
23.32	71.25	0.05597
25.18	71.25	0.06149
27.05	71.25	0.1
28.91	71.25	0.1396
30.78	71.25	0.1357
32.64	71.25	0.1314
34.51	71.25	0.11
36.37	71.25	0.2894
38.24	71.25	0
5	73.13	0.1353
6.528	73.13	0.2533
8.394	73.13	0.1758
10.26	73.13	0.08671
12.12	73.13	0.4365
13.99	73.13	0.2503
15.85	73.13	0.4183
17.72	73.13	0.4488
19.59	73.13	0.425
21.45	73.13	0.4098
23.32	73.13	0.05735
25.18	73.13	0.1753
27.05	73.13	0.075
28.91	73.13	0
30.78	73.13	0.1582
32.64	73.13	0.05
34.51	73.13	0.1055
36.37	73.13	0.2429
38.24	73.13	0
5	75	0.1409
6.528	75	0.3345
8.394	75	0.245
10.26	75	0.2332
12.12	75	0.6484
13.99	75	0.3985
15.85	75	0.4435
17.72	75	0.3716
19.59	75	0.4107
21.45	75	0.05417
23.32	75	0
25.18	75	0.432
27.05	75	0.2167
28.91	75	0.3093
30.78	75	0.1244
32.64	75	0.15
34.51	75	0.275
36.37	75	0.596
38.24	75	0
5	76.88	0.2123
6.528	76.88	0.2059
8.394	76.88	0.6142
10.26	76.88	0.308
12.12	76.88	0.2053
13.99	76.88	0.4349
15.85	76.88	0.3815
17.72	76.88	0.4065
19.59	76.88	0
21.45	76.88	0.275
23.32	76.88	0.2023
25.18	76.88	0.3
27.05	76.88	0
28.91	76.88	0.6582
30.78	76.88	0.9
32.64	76.88	0.1294
34.51	76.88	0
36.37	76.88	0.2119
38.24	76.88	0
5	78.75	0.236
6.528	78.75	0.1434
8.394	78.75	0.1561
10.26	78.75	0.3434
12.12	78.75	0.2441
13.99	78.75	0.2334
15.85	78.75	0.3563
17.72	78.75	0.3713
19.59	78.75	0.2227
21.45	78.75	0
23.32	78.75	0.2337
25.18	78.75	0.3132
27.05	78.75	0.2746
28.91	78.75	1.275
30.78	78.75	1.475
32.64	78.75	0
34.51	78.75	0
36.37	78.75	0
38.24	78.75	0
5	80.63	0.1242
6.528	80.63	0.1519
8.394	80.63	0.1969
10.26	80.63	0.241
12.12	80.63	0.3362
13.99	80.63	0.3459
15.85	80.63	0.2949
17.72	80.63	0
19.59	80.63	0
21.45	80.63	0.3352
23.32	80.63	0.4155
25.18	80.63	0.2782
27.05	80.63	0.07898
28.91	80.63	0.7397
30.78	80.63	0
32.64	80.63	0
34.51	80.63	0
36.37	80.63	0
38.24	80.63	0
5	82.5	0.09685
6.528	82.5	0.1094
8.394	82.5	0.1907
10.26	82.5	0.1697
12.12	82.5	0.3877
13.99	82.5	0.2805
15.85	82.5	0.4291
17.72	82.5	0
19.59	82.5	0.4754
21.45	82.5	0.1018
23.32	82.5	0.2248
25.18	82.5	0.1552
27.05	82.5	0.2826
28.91	82.5	0
30.78	82.5	0
32.64	82.5	0
34.51	82.5	0
36.37	82.5	0
38.24	82.5	0
5	84.38	0.1028
6.528	84.38	0.1089
8.394	84.38	0.1711
10.26	84.38	0.2311
12.12	84.38	0.2844
13.99	84.38	0.2804
15.85	84.38	0
17.72	84.38	0
19.59	84.38	0.1033
21.45	84.38	0.0999
23.32	84.38	0.1561
25.18	84.38	0.225
27.05	84.38	0
28.91	84.38	0
30.78	84.38	0
32.64	84.38	0
34.51	84.38	0
36.37	84.38	0
38.24	84.38	0
5	86.25	0.1109
6.528	86.25	0.2223
8.394	86.25	0.1836
10.26	86.25	0.3651
12.12	86.25	0.2563
13.99	86.25	0.5541
15.85	86.25	0
17.72	86.25	0.1948
19.59	86.25	0.1
21.45	86.25	0.4043
23.32	86.25	0
25.18	86.25	0
27.05	86.25	0
28.91	86.25	0
30.78	86.25	0
32.64	86.25	0
34.51	86.25	0
36.37	86.25	0
38.24	86.25	0
5	88.13	0.2731
6.528	88.13	0.2981
8.394	88.13	0.2995
10.26	88.13	0.263
12.12	88.13	0.2289
13.99	88.13	0.5062
15.85	88.13	0.2535
17.72	88.13	0.1739
19.59	88.13	0
21.45	88.13	0
23.32	88.13	0
25.18	88.13	0
27.05	88.13	0
28.91	88.13	0
30.78	88.13	0
32.64	88.13	0
34.51	88.13	0
36.37	88.13	0
38.24	88.13	0
5	90	0.267
6.528	90	0.7806
8.394	90	0.1542
10.26	90	0.2434
12.12	90	0.2757
13.99	90	0.1881
15.85	90	0.2871
17.72	90	0
19.59	90	0
21.45	90	0
23.32	90	0
25.18	90	0
27.05	90	0
28.91	90	0
30.78	90	0
32.64	90	0
34.51	90	0
36.37	90	0
38.24	90	0
5	91.88	0.2314
6.528	91.88	0.1667
8.394	91.88	0.1647
10.26	91.88	0
12.12	91.88	0
13.99	91.88	0.3172
15.85	91.88	0
17.72	91.88	0
19.59	91.88	0
21.45	91.88	0
23.32	91.88	0
25.18	91.88	0
27.05	91.88	0
28.91	91.88	0
30.78	91.88	0
32.64	91.88	0
34.51	91.88	0
36.37	91.88	0
38.24	91.88	0
5	93.75	0.1679
6.528	93.75	0.1118
8.394	93.75	0.1964
10.26	93.75	0.1515
12.12	93.75	0
13.99	93.75	0
15.85	93.75	0
17.72	93.75	0
19.59	93.75	0
21.45	93.75	0
23.32	93.75	0
25.18	93.75	0
27.05	93.75	0
28.91	93.75	0
30.78	93.75	0
32.64	93.75	0
34.51	93.75	0
36.37	93.75	0
38.24	93.75	0
5	95.63	0.03397
6.528	95.63	0.08031
8.394	95.63	0
10.26	95.63	0
12.12	95.63	0
13.99	95.63	0
15.85	95.63	0
17.72	95.63	0
19.59	95.63	0
21.45	95.63	0
23.32	95.63	0
25.18	95.63	0
27.05	95.63	0
28.91	95.63	0
30.78	95.63	0
32.64	95.63	0
34.51	95.63	0
36.37	95.63	0
38.24	95.63	0
5	97.5	0.3393
6.528	97.5	0
8.394	97.5	0
10.26	97.5	0
12.12	97.5	0
13.99	97.5	0
15.85	97.5	0
17.72	97.5	0
19.59	97.5	0
21.45	97.5	0
23.32	97.5	0
25.18	97.5	0
27.05	97.5	0
28.91	97.5	0
30.78	97.5	0
32.64	97.5	0
34.51	97.5	0
36.37	97.5	0
38.24	97.5	0
5	99.38	0
6.528	99.38	0
8.394	99.38	0
10.26	99.38	0
12.12	99.38	0
13.99	99.38	0
15.85	99.38	0
17.72	99.38	0
19.59	99.38	0
21.45	99.38	0
23.32	99.38	0
25.18	99.38	0
27.05	99.38	0
28.91	99.38	0
30.78	99.38	0
32.64	99.38	0
34.51	99.38	0
36.37	99.38	0
38.24	99.38	0
5	101.3	0
6.528	101.3	0
8.394	101.3	0
10.26	101.3	0
12.12	101.3	0
13.99	101.3	0
15.85	101.3	0
17.72	101.3	0
19.59	101.3	0
21.45	101.3	0
23.32	101.3	0
25.18	101.3	0
27.05	101.3	0
28.91	101.3	0
30.78	101.3	0
32.64	101.3	0
34.51	101.3	0
36.37	101.3	0
38.24	101.3	0
5	103.1	0
6.528	103.1	0
8.394	103.1	0
10.26	103.1	0
12.12	103.1	0
13.99	103.1	0
15.85	103.1	0
17.72	103.1	0
19.59	103.1	0
21.45	103.1	0
23.32	103.1	0
25.18	103.1	0
27.05	103.1	0
28.91	103.1	0
30.78	103.1	0
32.64	103.1	0
34.51	103.1	0
36.37	103.1	0
38.24	103.1	0
5	105	0
6.528	105	0
8.394	105	0
10.26	105	0
12.12	105	0
13.99	105	0
15.85	105	0
17.72	105	0
19.59	105	0
21.45	105	0
23.32	105	0
25.18	105	0
27.05	105	0
28.91	105	0
30.78	105	0
32.64	105	0
34.51	105	0
36.37	105	0
38.24	105	0
5	106.9	0
6.528	106.9	0
8.394	106.9	0
10.26	106.9	0
12.12	106.9	0
13.99	106.9	0
15.85	106.9	0
17.72	106.9	0
19.59	106.9	0
21.45	106.9	0
23.32	106.9	0
25.18	106.9	0
27.05	106.9	0
28.91	106.9	0
30.78	106.9	0
32.64	106.9	0
34.51	106.9	0
36.37	106.9	0
38.24	106.9	0
5	108.8	0
6.528	108.8	0
8.394	108.8	0
10.26	108.8	0
12.12	108.8	0
13.99	108.8	0
15.85	108.8	0
17.72	108.8	0
19.59	108.8	0
21.45	108.8	0
23.32	108.8	0
25.18	108.8	0
27.05	108.8	0
28.91	108.8	0
30.78	108.8	0
32.64	108.8	0
34.51	108.8	0
36.37	108.8	0
38.24	108.8	0
5	110.6	0
6.528	110.6	0
8.394	110.6	0
10.26	110.6	0
12.12	110.6	0
13.99	110.6	0
15.85	110.6	0
17.72	110.6	0
19.59	110.6	0
21.45	110.6	0
23.32	110.6	0
25.18	110.6	0
27.05	110.6	0
28.91	110.6	0
30.78	110.6	0
32.64	110.6	0
34.51	110.6	0
36.37	110.6	0
38.24	110.6	0
5	112.5	0
6.528	112.5	0
8.394	112.5	0
10.26	112.5	0
12.12	112.5	0
13.99	112.5	0
15.85	112.5	0
17.72	112.5	0
19.59	112.5	0
21.45	112.5	0
23.32	112.5	0
25.18	112.5	0
27.05	112.5	0
28.91	112.5	0
30.78	112.5	0
32.64	112.5	0
34.51	112.5	0
36.37	112.5	0
38.24	112.5	0
5	114.4	0
6.528	114.4	0
8.394	114.4	0
10.26	114.4	0
12.12	114.4	0
13.99	114.4	0
15.85	114.4	0
17.72	114.4	0
19.59	114.4	0
21.45	114.4	0
23.32	114.4	0
25.18	114.4	0
27.05	114.4	0
28.91	114.4	0
30.78	114.4	0
32.64	114.4	0
34.51	114.4	0.09059
36.37	114.4	0
38.24	114.4	0
5	116.3	0
6.528	116.3	0
8.394	116.3	0
10.26	116.3	0
12.12	116.3	0
13.99	116.3	0
15.85	116.3	0
17.72	116.3	0
19.59	116.3	0
21.45	116.3	0
23.32	116.3	0
25.18	116.3	0
27.05	116.3	0
28.91	116.3	0
30.78	116.3	0
32.64	116.3	0.3575
34.51	116.3	0.3156
36.37	116.3	0
38.24	116.3	0
5	118.1	0
6.528	118.1	0
8.394	118.1	0
10.26	118.1	0
12.12	118.1	0
13.99	118.1	0
15.85	118.1	0
17.72	118.1	0
19.59	118.1	0
21.45	118.1	0
23.32	118.1	0
25.18	118.1	0
27.05	118.1	0
28.91	118.1	0
30.78	118.1	0.5182
32.64	118.1	0.375
34.51	118.1	0.1054
36.37	118.1	0
38.24	118.1	0
