5	30	0.2229
6.528	30	0.2986
8.394	30	0.2002
10.26	30	0.2259
12.12	30	0.1205
13.99	30	0.09323
15.85	30	0.1109
17.72	30	0.1621
19.59	30	0.1406
21.45	30	0.08157
23.32	30	0.06243
25.18	30	0.06597
27.05	30	0.07503
28.91	30	0.05
30.78	30	0.1258
32.64	30	0.04092
34.51	30	0.05217
36.37	30	0.06571
38.24	30	0.05747
5	31.88	0.3952
6.528	31.88	0.1719
8.394	31.88	0.2132
10.26	31.88	0.1829
12.12	31.88	0.09336
13.99	31.88	0.06656
15.85	31.88	0.151
17.72	31.88	0.1151
19.59	31.88	0.07833
21.45	31.88	0.05957
23.32	31.88	0.05967
25.18	31.88	0.06803
27.05	31.88	0.09808
28.91	31.88	0.03117
30.78	31.88	0.03949
32.64	31.88	0.02889
34.51	31.88	0.03248
36.37	31.88	0.1131
38.24	31.88	0.2138
5	33.75	0.2368
6.528	33.75	0.1616
8.394	33.75	0.1843
10.26	33.75	0.2117
12.12	33.75	0.1182
13.99	33.75	0.1719
15.85	33.75	0.07004
17.72	33.75	0.06964
19.59	33.75	0.07097
21.45	33.75	0.0648
23.32	33.75	0.06557
25.18	33.75	0.1143
27.05	33.75	0.03367
28.91	33.75	0.06723
30.78	33.75	0.03201
32.64	33.75	0.03057
34.51	33.75	0.0347
36.37	33.75	0.06429
38.24	33.75	0.04573
5	35.63	0.1484
6.528	35.63	0.1596
8.394	35.63	0.1533
10.26	35.63	0.1486
12.12	35.63	0.1085
13.99	35.63	0.1526
15.85	35.63	0.06092
17.72	35.63	0.06829
19.59	35.63	0.09718
21.45	35.63	0.08973
23.32	35.63	0.2125
25.18	35.63	0.05694
27.05	35.63	0.06209
28.91	35.63	0.06625
30.78	35.63	0.02738
32.64	35.63	0.02807
34.51	35.63	0.1
36.37	35.63	0.08729
38.24	35.63	0.05337
5	37.5	0.1396
6.528	37.5	0.1224
8.394	37.5	0.09947
10.26	37.5	0.1008
12.12	37.5	0.0359
13.99	37.5	0.05467
15.85	37.5	0.05338
17.72	37.5	0.07548
19.59	37.5	0.1978
21.45	37.5	0.3023
23.32	37.5	0.1253
25.18	37.5	0.03538
27.05	37.5	0.03216
28.91	37.5	0.06503
30.78	37.5	0.03927
32.64	37.5	0.1057
34.51	37.5	0.03268
36.37	37.5	0.05374
38.24	37.5	0.05627
5	39.38	0.1449
6.528	39.38	0.1113
8.394	39.38	0.08633
10.26	39.38	0.0685
12.12	39.38	0.07803
13.99	39.38	0.1052
15.85	39.38	0.1268
17.72	39.38	0.2129
19.59	39.38	0.3083
21.45	39.38	0.2959
23.32	39.38	0.19
25.18	39.38	0.02971
27.05	39.38	0.06067
28.91	39.38	0.03729
30.78	39.38	0.07178
32.64	39.38	0.06634
34.51	39.38	0.175
36.37	39.38	0.04051
38.24	39.38	0.0573
5	41.25	0.1497
6.528	41.25	0.1135
8.394	41.25	0.08577
10.26	41.25	0.07167
12.12	41.25	0.08293
13.99	41.25	0.117
15.85	41.25	0.05
17.72	41.25	0.425
19.59	41.25	0.35
21.45	41.25	0.1076
23.32	41.25	0.1
25.18	41.25	0.02893
27.05	41.25	0.03334
28.91	41.25	0.06704
30.78	41.25	0.03774
32.64	41.25	0.03388
34.51	41.25	0.1
36.37	41.25	0.025
38.24	41.25	0.0502
5	43.13	0.1558
6.528	43.13	0.1418
8.394	43.13	0.1138
10.26	43.13	0.08643
12.12	43.13	0.3
13.99	43.13	0.2182
15.85	43.13	0.095
17.72	43.13	0.2
19.59	43.13	0.1106
21.45	43.13	0.07882
23.32	43.13	0.1274
25.18	43.13	0.03754
27.05	43.13	0.08625
28.91	43.13	0.07268
30.78	43.13	0.0376
32.64	43.13	0.1202
34.51	43.13	0.0702
36.37	43.13	0.2
38.24	43.13	0.0432
5	45	0.1518
6.528	45	0.1464
8.394	45	0.1206
10.26	45	0.2057
12.12	45	0.2536
13.99	45	0.201
15.85	45	0.1532
17.72	45	0.08491
19.59	45	0.08086
21.45	45	0.09623
23.32	45	0.1196
25.18	45	0.09778
27.05	45	0.4748
28.91	45	0.1896
30.78	45	0.1737
32.64	45	0.1048
34.51	45	0.0701
36.37	45	0.1049
38.24	45	0.04177
5	46.88	0.1477
6.528	46.88	0.1454
8.394	46.88	0.2261
10.26	46.88	0.1304
12.12	46.88	0.1681
13.99	46.88	0.2591
15.85	46.88	0.2471
17.72	46.88	0.08821
19.59	46.88	0.1357
21.45	46.88	0.251
23.32	46.88	0.39
25.18	46.88	0.4353
27.05	46.88	0.4422
28.91	46.88	0.5392
30.78	46.88	0.1016
32.64	46.88	0.2516
34.51	46.88	0.02874
36.37	46.88	0.2475
38.24	46.88	0.0526
5	48.75	0.1449
6.528	48.75	0.2014
8.394	48.75	0.07848
10.26	48.75	0.216
12.12	48.75	0.1477
13.99	48.75	0.257
15.85	48.75	0.1953
17.72	48.75	0.189
19.59	48.75	0.2393
21.45	48.75	0.2232
23.32	48.75	0.3932
25.18	48.75	0.2813
27.05	48.75	0.5344
28.91	48.75	0.314
30.78	48.75	0.1765
32.64	48.75	0.02923
34.51	48.75	0.025
36.37	48.75	0.225
38.24	48.75	0.07263
5	50.63	0.1163
6.528	50.63	0.1043
8.394	50.63	0.1149
10.26	50.63	0.1314
12.12	50.63	0.2021
13.99	50.63	0.2541
15.85	50.63	0.2704
17.72	50.63	0.224
19.59	50.63	0.1291
21.45	50.63	0.3636
23.32	50.63	0.4185
25.18	50.63	0.382
27.05	50.63	0.4436
28.91	50.63	0.2875
30.78	50.63	0.05385
32.64	50.63	0.02576
34.51	50.63	0.1101
36.37	50.63	0.241
38.24	50.63	0.1001
5	52.5	0.1617
6.528	52.5	0.1302
8.394	52.5	0.08957
10.26	52.5	0.2201
12.12	52.5	0.2131
13.99	52.5	0.184
15.85	52.5	0.2127
17.72	52.5	0.1857
19.59	52.5	0.2229
21.45	52.5	0.2055
23.32	52.5	0.323
25.18	52.5	0.3004
27.05	52.5	0.1589
28.91	52.5	0.1016
30.78	52.5	0.02731
32.64	52.5	0.02676
34.51	52.5	0.04407
36.37	52.5	0.1881
38.24	52.5	0.1194
5	54.38	0.1507
6.528	54.38	0.1325
8.394	54.38	0.07463
10.26	54.38	0.1268
12.12	54.38	0.1157
13.99	54.38	0.2374
15.85	54.38	0.1759
17.72	54.38	0.236
19.59	54.38	0.1917
21.45	54.38	0.2532
23.32	54.38	0.1673
25.18	54.38	0.4232
27.05	54.38	0.3234
28.91	54.38	0.03996
30.78	54.38	0.02816
32.64	54.38	0.025
34.51	54.38	0.02642
36.37	54.38	0.05683
38.24	54.38	0.1078
5	56.25	0.1561
6.528	56.25	0.05841
8.394	56.25	0.1597
10.26	56.25	0.1572
12.12	56.25	0.08033
13.99	56.25	0.2025
15.85	56.25	0.3003
17.72	56.25	0.2958
19.59	56.25	0.2128
21.45	56.25	0.2187
23.32	56.25	0.1611
25.18	56.25	0.2797
27.05	56.25	0.4571
28.91	56.25	0.025
30.78	56.25	0.03185
32.64	56.25	0.025
34.51	56.25	0.025
36.37	56.25	0.02778
38.24	56.25	0.1036
5	58.13	0.1099
6.528	58.13	0.1049
8.394	58.13	0.1499
10.26	58.13	0.1426
12.12	58.13	0.1015
13.99	58.13	0.1339
15.85	58.13	0.2657
17.72	58.13	0.1429
19.59	58.13	0.1744
21.45	58.13	0.1948
23.32	58.13	0.2348
25.18	58.13	0.3085
27.05	58.13	0.4275
28.91	58.13	0.02731
30.78	58.13	0.02598
32.64	58.13	0.05
34.51	58.13	0.025
36.37	58.13	0.07517
38.24	58.13	0.1101
5	60	0.0838
6.528	60	0.1366
8.394	60	0.1202
10.26	60	0.1299
12.12	60	0.1199
13.99	60	0.1954
15.85	60	0.27
17.72	60	0.1571
19.59	60	0.1968
21.45	60	0.2909
23.32	60	0.1942
25.18	60	0.3232
27.05	60	0.2559
28.91	60	0.03478
30.78	60	0.025
32.64	60	0.03224
34.51	60	0.025
36.37	60	0.1043
38.24	60	0.1404
5	61.88	0.131
6.528	61.88	0.1795
8.394	61.88	0.1745
10.26	61.88	0.1369
12.12	61.88	0.5763
13.99	61.88	0.1663
15.85	61.88	0.1684
17.72	61.88	0.325
19.59	61.88	0.3845
21.45	61.88	0.08027
23.32	61.88	0.1929
25.18	61.88	0.3377
27.05	61.88	0.02538
28.91	61.88	0.05171
30.78	61.88	0.09874
32.64	61.88	0.025
34.51	61.88	0.025
36.37	61.88	0.02855
38.24	61.88	0.1503
5	63.75	0.1264
6.528	63.75	0.139
8.394	63.75	0.1926
10.26	63.75	0.1496
12.12	63.75	0.1643
13.99	63.75	0.0269
15.85	63.75	0.425
17.72	63.75	0.23
19.59	63.75	0.2446
21.45	63.75	0.1517
23.32	63.75	0.1754
25.18	63.75	0.3234
27.05	63.75	0.025
28.91	63.75	0.02647
30.78	63.75	0.05
32.64	63.75	0.03144
34.51	63.75	0.05285
36.37	63.75	0.03245
38.24	63.75	0.1462
5	65.63	0.1147
6.528	65.63	0.1695
8.394	65.63	0.1494
10.26	65.63	0.225
12.12	65.63	0.111
13.99	65.63	0.15
15.85	65.63	0.1118
17.72	65.63	0.1741
19.59	65.63	0.2232
21.45	65.63	0.1879
23.32	65.63	0.2281
25.18	65.63	0.35
27.05	65.63	0.075
28.91	65.63	0.05
30.78	65.63	0.0474
32.64	65.63	0.05
34.51	65.63	0.02734
36.37	65.63	0.03225
38.24	65.63	0.1341
5	67.5	0.1701
6.528	67.5	0.1326
8.394	67.5	0.1505
10.26	67.5	0.1532
12.12	67.5	0.06361
13.99	67.5	0.15
15.85	67.5	0.35
17.72	67.5	0.1323
19.59	67.5	0.2811
21.45	67.5	0.2117
23.32	67.5	0.3029
25.18	67.5	0.325
27.05	67.5	0.07675
28.91	67.5	0.08556
30.78	67.5	0.05426
32.64	67.5	0.025
34.51	67.5	0.025
36.37	67.5	0.0261
38.24	67.5	0.09786
5	69.38	0.08577
6.528	69.38	0.1032
8.394	69.38	0.08799
10.26	69.38	0.025
12.12	69.38	0.03503
13.99	69.38	0.4682
15.85	69.38	0.175
17.72	69.38	0.07742
19.59	69.38	0.2485
21.45	69.38	0.3029
23.32	69.38	0.4479
25.18	69.38	0.4361
27.05	69.38	0.06786
28.91	69.38	0.1025
30.78	69.38	0.07441
32.64	69.38	0.03333
34.51	69.38	0.02881
36.37	69.38	0.05789
38.24	69.38	0.06401
5	71.25	0.07117
6.528	71.25	0.1123
8.394	71.25	0.08402
10.26	71.25	0.1442
12.12	71.25	0.08106
13.99	71.25	0.2494
15.85	71.25	0.175
17.72	71.25	0.175
19.59	71.25	0.2
21.45	71.25	0.1509
23.32	71.25	0.189
25.18	71.25	0.3809
27.05	71.25	0.05797
28.91	71.25	0.06298
30.78	71.25	0.1661
32.64	71.25	0.025
34.51	71.25	0.02949
36.37	71.25	0.06699
38.24	71.25	0.03415
5	73.13	0.1005
6.528	73.13	0.1416
8.394	73.13	1.025
10.26	73.13	0.1536
12.12	73.13	0.2584
13.99	73.13	0.2969
15.85	73.13	0.2247
17.72	73.13	0.305
19.59	73.13	0.3165
21.45	73.13	0.08649
23.32	73.13	0.1942
25.18	73.13	0.02856
27.05	73.13	0.02551
28.91	73.13	0.1468
30.78	73.13	0.025
32.64	73.13	0.0262
34.51	73.13	0.04984
36.37	73.13	0.1107
38.24	73.13	0.01761
5	75	0.1236
6.528	75	0.1233
8.394	75	0.2531
10.26	75	0.2682
12.12	75	0.2645
13.99	75	0.2589
15.85	75	0.2935
17.72	75	0.33
19.59	75	0.2782
21.45	75	0.0343
23.32	75	0.03584
25.18	75	0.07766
27.05	75	0.1381
28.91	75	0.025
30.78	75	0.05
32.64	75	0.02664
34.51	75	0.0576
36.37	75	0.0634
38.24	75	0.01522
5	76.88	0.1008
6.528	76.88	0.1187
8.394	76.88	0.233
10.26	76.88	0.2015
12.12	76.88	0.3384
13.99	76.88	0.2755
15.85	76.88	0.3313
17.72	76.88	0.2701
19.59	76.88	0.0307
21.45	76.88	0.17
23.32	76.88	0.02693
25.18	76.88	0.325
27.05	76.88	0.025
28.91	76.88	0.02674
30.78	76.88	0.3793
32.64	76.88	0.09733
34.51	76.88	0.06215
36.37	76.88	0.08164
38.24	76.88	0.03103
5	78.75	0.08871
6.528	78.75	0.1214
8.394	78.75	0.1712
10.26	78.75	0.1272
12.12	78.75	0.4716
13.99	78.75	0.3727
15.85	78.75	0.2589
17.72	78.75	0.2518
19.59	78.75	0.04085
21.45	78.75	0.148
23.32	78.75	0.05
25.18	78.75	0.025
27.05	78.75	0.02952
28.91	78.75	0.5607
30.78	78.75	0.3191
32.64	78.75	0.08397
34.51	78.75	0.01089
36.37	78.75	0.01508
38.24	78.75	0.06198
5	80.63	0.3707
6.528	80.63	0.1613
8.394	80.63	0.1047
10.26	80.63	0.2453
12.12	80.63	0.4367
13.99	80.63	0.3474
15.85	80.63	0.336
17.72	80.63	0.04038
19.59	80.63	0.05448
21.45	80.63	0.02577
23.32	80.63	0.03979
25.18	80.63	0.02797
27.05	80.63	0.625
28.91	80.63	0.5077
30.78	80.63	0.05655
32.64	80.63	0.01114
34.51	80.63	0.00859
36.37	80.63	0.01948
38.24	80.63	0.05936
5	82.5	0.1735
6.528	82.5	0.1516
8.394	82.5	0.1342
10.26	82.5	0.246
12.12	82.5	0.3431
13.99	82.5	0.2889
15.85	82.5	0.06698
17.72	82.5	0.04133
19.59	82.5	0.0264
21.45	82.5	0.1
23.32	82.5	0.02685
25.18	82.5	0.025
27.05	82.5	0.56
28.91	82.5	0.08707
30.78	82.5	0.02343
32.64	82.5	0.01347
34.51	82.5	0.009333
36.37	82.5	0.02063
38.24	82.5	0.04263
5	84.38	0.1209
6.528	84.38	0.1671
8.394	84.38	0.2461
10.26	84.38	0.3644
12.12	84.38	0.3195
13.99	84.38	0.06465
15.85	84.38	0.02596
17.72	84.38	0.05182
19.59	84.38	0.0291
21.45	84.38	0.08125
23.32	84.38	0.15
25.18	84.38	0.2033
27.05	84.38	0.1376
28.91	84.38	0.05423
30.78	84.38	0.01367
32.64	84.38	0.0254
34.51	84.38	0.0129
36.37	84.38	0.0173
38.24	84.38	0.03007
5	86.25	0.1238
6.528	86.25	0.306
8.394	86.25	0.1268
10.26	86.25	0.1308
12.12	86.25	0.1591
13.99	86.25	0.2804
15.85	86.25	0.03651
17.72	86.25	0.03062
19.59	86.25	0.05677
21.45	86.25	0.1081
23.32	86.25	0.275
25.18	86.25	0.2396
27.05	86.25	0.09457
28.91	86.25	0.03893
30.78	86.25	0.01053
32.64	86.25	0.03167
34.51	86.25	0.0154
36.37	86.25	0.0105
38.24	86.25	0.02197
5	88.13	0.271
6.528	88.13	0.1459
8.394	88.13	0.1286
10.26	88.13	0.1472
12.12	88.13	0.4256
13.99	88.13	0.02838
15.85	88.13	0.04302
17.72	88.13	0.03344
19.59	88.13	0.025
21.45	88.13	0.2651
23.32	88.13	0.2474
25.18	88.13	0.2116
27.05	88.13	0.08597
28.91	88.13	0.02483
30.78	88.13	0.01017
32.64	88.13	0.03267
34.51	88.13	0.01687
36.37	88.13	0.0085
38.24	88.13	0.02017
5	90	0.1198
6.528	90	0.3502
8.394	90	0.1802
10.26	90	0.1613
12.12	90	0.1314
13.99	90	0.2646
15.85	90	0.06722
17.72	90	0.1001
19.59	90	0.21
21.45	90	0.2383
23.32	90	0.2463
25.18	90	0.1963
27.05	90	0.1061
28.91	90	0.02303
30.78	90	0.0108
32.64	90	0.03343
34.51	90	0.0178
36.37	90	0.008633
38.24	90	0.0202
5	91.88	0.1224
6.528	91.88	0.1306
8.394	91.88	0.1045
10.26	91.88	0.02895
12.12	91.88	0.225
13.99	91.88	0.2
15.85	91.88	0.2416
17.72	91.88	0.1768
19.59	91.88	0.1734
21.45	91.88	0.1606
23.32	91.88	0.1672
25.18	91.88	0.1631
27.05	91.88	0.1488
28.91	91.88	0.0378
30.78	91.88	0.01147
32.64	91.88	0.03133
34.51	91.88	0.0195
36.37	91.88	0.0114
38.24	91.88	0.02317
5	93.75	0.09836
6.528	93.75	0.1273
8.394	93.75	0.03214
10.26	93.75	0.1665
12.12	93.75	0.05
13.99	93.75	0.1721
15.85	93.75	0.1667
17.72	93.75	0.1591
19.59	93.75	0.1444
21.45	93.75	0.1207
23.32	93.75	0.119
25.18	93.75	0.1411
27.05	93.75	0.1964
28.91	93.75	0.0598
30.78	93.75	0.01303
32.64	93.75	0.02937
34.51	93.75	0.0229
36.37	93.75	0.0149
38.24	93.75	0.02057
5	95.63	0.0917
6.528	95.63	0.125
8.394	95.63	0.4652
10.26	95.63	0.2012
12.12	95.63	0.1558
13.99	95.63	0.1544
15.85	95.63	0.1468
17.72	95.63	0.1562
19.59	95.63	0.1257
21.45	95.63	0.1183
23.32	95.63	0.1052
25.18	95.63	0.1246
27.05	95.63	0.1809
28.91	95.63	0.0834
30.78	95.63	0.014
32.64	95.63	0.0302
34.51	95.63	0.0246
36.37	95.63	0.01563
38.24	95.63	0.0153
5	97.5	0.3186
6.528	97.5	0.2089
8.394	97.5	0.4842
10.26	97.5	0.09677
12.12	97.5	0.1435
13.99	97.5	0.146
15.85	97.5	0.1318
17.72	97.5	0.1565
19.59	97.5	0.1138
21.45	97.5	0.1119
23.32	97.5	0.1047
25.18	97.5	0.0929
27.05	97.5	0.1297
28.91	97.5	0.05893
30.78	97.5	0.01403
32.64	97.5	0.0277
34.51	97.5	0.02467
36.37	97.5	0.0159
38.24	97.5	0.01363
5	99.38	0.1
6.528	99.38	0.05237
8.394	99.38	0.1019
10.26	99.38	0.1074
12.12	99.38	0.1504
13.99	99.38	0.1799
15.85	99.38	0.1489
17.72	99.38	0.1505
19.59	99.38	0.1314
21.45	99.38	0.114
23.32	99.38	0.09413
25.18	99.38	0.0717
27.05	99.38	0.08883
28.91	99.38	0.0341
30.78	99.38	0.01493
32.64	99.38	0.0261
34.51	99.38	0.02483
36.37	99.38	0.0171
38.24	99.38	0.01643
5	101.3	0.06253
6.528	101.3	0.08293
8.394	101.3	0.0777
10.26	101.3	0.1277
12.12	101.3	0.1226
13.99	101.3	0.1744
15.85	101.3	0.1481
17.72	101.3	0.1394
19.59	101.3	0.1481
21.45	101.3	0.1223
23.32	101.3	0.1011
25.18	101.3	0.0776
27.05	101.3	0.07823
28.91	101.3	0.04037
30.78	101.3	0.0191
32.64	101.3	0.0263
34.51	101.3	0.02257
36.37	101.3	0.01863
38.24	101.3	0.02193
5	103.1	0.05297
6.528	103.1	0.05233
8.394	103.1	0.08513
10.26	103.1	0.1167
12.12	103.1	0.1461
13.99	103.1	0.1433
15.85	103.1	0.1542
17.72	103.1	0.1419
19.59	103.1	0.1615
21.45	103.1	0.1463
23.32	103.1	0.1337
25.18	103.1	0.1129
27.05	103.1	0.1277
28.91	103.1	0.3003
30.78	103.1	0.238
32.64	103.1	0.03857
34.51	103.1	0.02007
36.37	103.1	0.02883
38.24	103.1	0.0272
5	105	0.05527
6.528	105	0.06833
8.394	105	0.07297
10.26	105	0.152
12.12	105	0.1383
13.99	105	0.1406
15.85	105	0.1667
17.72	105	0.1664
19.59	105	0.1758
21.45	105	0.2114
23.32	105	0.2111
25.18	105	0.1969
27.05	105	0.3242
28.91	105	0.6677
30.78	105	0.5662
32.64	105	0.2586
34.51	105	0.07037
36.37	105	0.05353
38.24	105	0.0279
5	106.9	0.05327
6.528	106.9	0.07387
8.394	106.9	0.08257
10.26	106.9	0.1303
12.12	106.9	0.1425
13.99	106.9	0.1542
15.85	106.9	0.1931
17.72	106.9	0.202
19.59	106.9	0.2116
21.45	106.9	0.2753
23.32	106.9	0.3115
25.18	106.9	0.2792
27.05	106.9	0.3479
28.91	106.9	0.5238
30.78	106.9	0.3694
32.64	106.9	0.2423
34.51	106.9	0.156
36.37	106.9	0.07653
38.24	106.9	0.03743
5	108.8	0.04363
6.528	108.8	0.05477
8.394	108.8	0.08183
10.26	108.8	0.102
12.12	108.8	0.1329
13.99	108.8	0.1489
15.85	108.8	0.2083
17.72	108.8	0.2309
19.59	108.8	0.2352
21.45	108.8	0.2821
23.32	108.8	0.3424
25.18	108.8	0.4226
27.05	108.8	0.4021
28.91	108.8	0.4011
30.78	108.8	0.3081
32.64	108.8	0.2341
34.51	108.8	0.149
36.37	108.8	0.06933
38.24	108.8	0.03863
5	110.6	0.04507
6.528	110.6	0.04153
8.394	110.6	0.06453
10.26	110.6	0.1036
12.12	110.6	0.1249
13.99	110.6	0.143
15.85	110.6	0.1802
17.72	110.6	0.2248
19.59	110.6	0.2424
21.45	110.6	0.2833
23.32	110.6	0.3266
25.18	110.6	0.4634
27.05	110.6	0.5754
28.91	110.6	0.4689
30.78	110.6	0.3326
32.64	110.6	0.246
34.51	110.6	0.125
36.37	110.6	0.06947
38.24	110.6	0.04587
5	112.5	0.04087
6.528	112.5	0.03793
8.394	112.5	0.0412
10.26	112.5	0.0559
12.12	112.5	0.09477
13.99	112.5	0.1168
15.85	112.5	0.1352
17.72	112.5	0.2163
19.59	112.5	0.3025
21.45	112.5	0.3051
23.32	112.5	0.3282
25.18	112.5	0.4499
27.05	112.5	0.5978
28.91	112.5	0.5258
30.78	112.5	0.3682
32.64	112.5	0.2979
34.51	112.5	0.1985
36.37	112.5	0.1034
38.24	112.5	0.05943
5	114.4	0.0322
6.528	114.4	0.03453
8.394	114.4	0.03773
10.26	114.4	0.03613
12.12	114.4	0.05373
13.99	114.4	0.07657
15.85	114.4	0.07703
17.72	114.4	0.1352
19.59	114.4	0.2695
21.45	114.4	0.3011
23.32	114.4	0.3026
25.18	114.4	0.3559
27.05	114.4	0.4668
28.91	114.4	0.492
30.78	114.4	0.3934
32.64	114.4	0.294
34.51	114.4	0.05
36.37	114.4	0.1518
38.24	114.4	0.0895
5	116.3	0.04777
6.528	116.3	0.03373
8.394	116.3	0.03843
10.26	116.3	0.03343
12.12	116.3	0.04093
13.99	116.3	0.05797
15.85	116.3	0.06213
17.72	116.3	0.07873
19.59	116.3	0.1751
21.45	116.3	0.2418
23.32	116.3	0.2638
25.18	116.3	0.3212
27.05	116.3	0.4076
28.91	116.3	0.404
30.78	116.3	0.3356
32.64	116.3	0.02614
34.51	116.3	0.03269
36.37	116.3	0.1675
38.24	116.3	0.1367
5	118.1	0.0442
6.528	118.1	0.03523
8.394	118.1	0.03887
10.26	118.1	0.03487
12.12	118.1	0.03773
13.99	118.1	0.04433
15.85	118.1	0.04243
17.72	118.1	0.06113
19.59	118.1	0.1376
21.45	118.1	0.2022
23.32	118.1	0.2398
25.18	118.1	0.2642
27.05	118.1	0.355
28.91	118.1	0.3622
30.78	118.1	0.1069
32.64	118.1	0.07209
34.51	118.1	0.05774
36.37	118.1	0.1717
38.24	118.1	0.1503
