5	30	0.1491
6.528	30	0.8256
8.394	30	0.7243
10.26	30	0.6891
12.12	30	1.086
13.99	30	0.7014
15.85	30	0.4401
17.72	30	0.3804
19.59	30	0.1357
21.45	30	0.1104
23.32	30	0.1091
25.18	30	0.1074
27.05	30	0.1064
28.91	30	0.3353
30.78	30	0.42
32.64	30	0.275
34.51	30	0.3404
36.37	30	0.2731
38.24	30	0.08135
5	31.88	0.5662
6.528	31.88	0.7656
8.394	31.88	0.7722
10.26	31.88	1.116
12.12	31.88	1.311
13.99	31.88	1.767
15.85	31.88	0.2105
17.72	31.88	0.6493
19.59	31.88	0.1447
21.45	31.88	0.114
23.32	31.88	0.1088
25.18	31.88	0.1108
27.05	31.88	0.7424
28.91	31.88	0.8
30.78	31.88	0.3835
32.64	31.88	0.4594
34.51	31.88	0.2443
36.37	31.88	0.4029
38.24	31.88	0.4109
5	33.75	0.6015
6.528	33.75	0.8665
8.394	33.75	0.6771
10.26	33.75	1.259
12.12	33.75	1.758
13.99	33.75	0.5765
15.85	33.75	0.3454
17.72	33.75	0.3899
19.59	33.75	0.1711
21.45	33.75	0.1352
23.32	33.75	0.1192
25.18	33.75	0.6625
27.05	33.75	0.5507
28.91	33.75	0.462
30.78	33.75	0.5573
32.64	33.75	0.3687
34.51	33.75	0.275
36.37	33.75	0.2301
38.24	33.75	0.08984
5	35.63	0.1983
6.528	35.63	0.2149
8.394	35.63	0.1805
10.26	35.63	0.2241
12.12	35.63	0.7405
13.99	35.63	0.966
15.85	35.63	0.6436
17.72	35.63	0.5978
19.59	35.63	0.4544
21.45	35.63	0.1721
23.32	35.63	0.525
25.18	35.63	0.55
27.05	35.63	0.57
28.91	35.63	0.737
30.78	35.63	0.6171
32.64	35.63	0.9
34.51	35.63	0.08508
36.37	35.63	0.395
38.24	35.63	0.0991
5	37.5	0.2189
6.528	37.5	0.2299
8.394	37.5	0.1562
10.26	37.5	1.137
12.12	37.5	1.585
13.99	37.5	0.9342
15.85	37.5	0.9334
17.72	37.5	0.436
19.59	37.5	0.6981
21.45	37.5	0.6793
23.32	37.5	0.55
25.18	37.5	0.6133
27.05	37.5	0.4838
28.91	37.5	0.8398
30.78	37.5	0.8192
32.64	37.5	0.207
34.51	37.5	0.1127
36.37	37.5	0.1876
38.24	37.5	0.1092
5	39.38	0.2701
6.528	39.38	0.295
8.394	39.38	0.24
10.26	39.38	0.3225
12.12	39.38	0.4085
13.99	39.38	0.4081
15.85	39.38	0.3469
17.72	39.38	0.9821
19.59	39.38	0.8345
21.45	39.38	0.6004
23.32	39.38	0.4712
25.18	39.38	0.5421
27.05	39.38	0.5649
28.91	39.38	0.788
30.78	39.38	0.8611
32.64	39.38	1.055
34.51	39.38	0.175
36.37	39.38	0.09054
38.24	39.38	0.1192
5	41.25	0.2628
6.528	41.25	0.2912
8.394	41.25	0.3182
10.26	41.25	0.3071
12.12	41.25	0.3464
13.99	41.25	0.4032
15.85	41.25	0.8822
17.72	41.25	0.8139
19.59	41.25	0.8219
21.45	41.25	0.4467
23.32	41.25	0.675
25.18	41.25	0.6317
27.05	41.25	0.7608
28.91	41.25	0.6439
30.78	41.25	0.585
32.64	41.25	0.5667
34.51	41.25	0.07826
36.37	41.25	0.175
38.24	41.25	0.1305
5	43.13	0.2609
6.528	43.13	0.3
8.394	43.13	0.3266
10.26	43.13	0.3179
12.12	43.13	0.3
13.99	43.13	0.6791
15.85	43.13	0.4
17.72	43.13	0.8513
19.59	43.13	0.5511
21.45	43.13	0.8387
23.32	43.13	1.417
25.18	43.13	0.7327
27.05	43.13	1.002
28.91	43.13	0.7901
30.78	43.13	0.6322
32.64	43.13	0.6189
34.51	43.13	0.161
36.37	43.13	0.166
38.24	43.13	0.1468
5	45	0.2607
6.528	45	0.3017
8.394	45	0.3194
10.26	45	0.275
12.12	45	0.375
13.99	45	1.064
15.85	45	0.8982
17.72	45	1.193
19.59	45	1.039
21.45	45	1.782
23.32	45	1.276
25.18	45	0.8361
27.05	45	0.6817
28.91	45	0.6817
30.78	45	0.8722
32.64	45	0.1191
34.51	45	0.1746
36.37	45	0.7297
38.24	45	0.198
5	46.88	0.3148
6.528	46.88	0.3396
8.394	46.88	0.4475
10.26	46.88	0.6043
12.12	46.88	0.9832
13.99	46.88	0.9147
15.85	46.88	0.7465
17.72	46.88	0.7157
19.59	46.88	1.092
21.45	46.88	1.282
23.32	46.88	0.873
25.18	46.88	0.9358
27.05	46.88	0.8368
28.91	46.88	0.8669
30.78	46.88	0.7239
32.64	46.88	0.1393
34.51	46.88	0.2202
36.37	46.88	0.3288
38.24	46.88	0.354
5	48.75	0.4663
6.528	48.75	0.4965
8.394	48.75	0.4649
10.26	48.75	0.6386
12.12	48.75	1.078
13.99	48.75	0.5783
15.85	48.75	0.801
17.72	48.75	1.404
19.59	48.75	1.479
21.45	48.75	1.287
23.32	48.75	1.239
25.18	48.75	1.177
27.05	48.75	0.7884
28.91	48.75	0.84
30.78	48.75	0.425
32.64	48.75	0.2
34.51	48.75	0.2521
36.37	48.75	0.4912
38.24	48.75	0.4518
5	50.63	0.3948
6.528	50.63	0.1519
8.394	50.63	0.3801
10.26	50.63	0.5561
12.12	50.63	0.9684
13.99	50.63	1.037
15.85	50.63	1.475
17.72	50.63	1.324
19.59	50.63	0.8855
21.45	50.63	0.8435
23.32	50.63	1.125
25.18	50.63	1.65
27.05	50.63	0.675
28.91	50.63	0.625
30.78	50.63	0.1978
32.64	50.63	0.1252
34.51	50.63	0.04068
36.37	50.63	0.5851
38.24	50.63	0.5307
5	52.5	0.2406
6.528	52.5	0.2881
8.394	52.5	0.5063
10.26	52.5	0.6969
12.12	52.5	1.032
13.99	52.5	1.042
15.85	52.5	0.8064
17.72	52.5	0.7012
19.59	52.5	0.7703
21.45	52.5	0.7825
23.32	52.5	1.175
25.18	52.5	0.7
27.05	52.5	0.45
28.91	52.5	0.4
30.78	52.5	0.1536
32.64	52.5	0.025
34.51	52.5	0.02606
36.37	52.5	0.4213
38.24	52.5	0.5441
5	54.38	0.4438
6.528	54.38	0.5045
8.394	54.38	0.7805
10.26	54.38	0.7389
12.12	54.38	0.8919
13.99	54.38	0.6311
15.85	54.38	0.6178
17.72	54.38	0.4181
19.59	54.38	0.6794
21.45	54.38	0.7453
23.32	54.38	0.5377
25.18	54.38	0.5409
27.05	54.38	0.9587
28.91	54.38	0.2012
30.78	54.38	0.08533
32.64	54.38	0.02656
34.51	54.38	0.2714
36.37	54.38	0.1128
38.24	54.38	0.4552
5	56.25	0.4519
6.528	56.25	0.2564
8.394	56.25	0.3593
10.26	56.25	0.5959
12.12	56.25	0.6713
13.99	56.25	0.3892
15.85	56.25	0.696
17.72	56.25	0.366
19.59	56.25	0.6652
21.45	56.25	0.5183
23.32	56.25	0.865
25.18	56.25	1.075
27.05	56.25	0.4
28.91	56.25	0.1301
30.78	56.25	0.02522
32.64	56.25	0.025
34.51	56.25	0.03245
36.37	56.25	0.2206
38.24	56.25	0.4025
5	58.13	0.3054
6.528	58.13	0.3684
8.394	58.13	0.4809
10.26	58.13	0.6948
12.12	58.13	0.2798
13.99	58.13	0.4264
15.85	58.13	0.481
17.72	58.13	0.4276
19.59	58.13	0.9143
21.45	58.13	0.6508
23.32	58.13	0.6648
25.18	58.13	0.1946
27.05	58.13	0.199
28.91	58.13	0.325
30.78	58.13	0.025
32.64	58.13	0.05
34.51	58.13	0.03009
36.37	58.13	0.6571
38.24	58.13	0.3407
5	60	0.2506
6.528	60	0.2776
8.394	60	0.3205
10.26	60	0.5178
12.12	60	0.3587
13.99	60	0.5068
15.85	60	0.7152
17.72	60	0.8555
19.59	60	0.9457
21.45	60	0.8607
23.32	60	0.737
25.18	60	0.1845
27.05	60	0.1869
28.91	60	0.2643
30.78	60	0.1337
32.64	60	0.05
34.51	60	0.02974
36.37	60	0.6208
38.24	60	0.2923
5	61.88	0.2542
6.528	61.88	0.3098
8.394	61.88	0.3379
10.26	61.88	0.212
12.12	61.88	0.4223
13.99	61.88	0.4034
15.85	61.88	0.5664
17.72	61.88	1.153
19.59	61.88	0.9863
21.45	61.88	0.8947
23.32	61.88	0.8292
25.18	61.88	0.275
27.05	61.88	0.2549
28.91	61.88	0.1357
30.78	61.88	0.1025
32.64	61.88	0.1356
34.51	61.88	0.07877
36.37	61.88	0.1388
38.24	61.88	0.2198
5	63.75	0.1051
6.528	63.75	0.294
8.394	63.75	0.1989
10.26	63.75	0.2707
12.12	63.75	0.4226
13.99	63.75	0.3934
15.85	63.75	0.5289
17.72	63.75	0.2994
19.59	63.75	0.934
21.45	63.75	0.8837
23.32	63.75	0.25
25.18	63.75	1.136
27.05	63.75	0.288
28.91	63.75	0.3871
30.78	63.75	0.06266
32.64	63.75	0.1644
34.51	63.75	0.175
36.37	63.75	0.575
38.24	63.75	0.1359
5	65.63	0.2345
6.528	65.63	0.3733
8.394	65.63	0.4975
10.26	65.63	0.5814
12.12	65.63	0.62
13.99	65.63	0.4502
15.85	65.63	0.3037
17.72	65.63	0.1117
19.59	65.63	0.9704
21.45	65.63	0.4392
23.32	65.63	0.2963
25.18	65.63	0.2
27.05	65.63	0.1884
28.91	65.63	0.1111
30.78	65.63	0.2927
32.64	65.63	0.04388
34.51	65.63	0.1384
36.37	65.63	0.09865
38.24	65.63	0.1129
5	67.5	0.2141
6.528	67.5	0.5804
8.394	67.5	0.5306
10.26	67.5	0.6048
12.12	67.5	0.5336
13.99	67.5	0.3127
15.85	67.5	0.3415
17.72	67.5	0.8415
19.59	67.5	0.9918
21.45	67.5	1.105
23.32	67.5	1.05
25.18	67.5	0.15
27.05	67.5	0.28
28.91	67.5	0.3031
30.78	67.5	0.1381
32.64	67.5	0.1115
34.51	67.5	0.05
36.37	67.5	0.05294
38.24	67.5	0.09281
5	69.38	0.2813
6.528	69.38	0.6137
8.394	69.38	0.3343
10.26	69.38	0.322
12.12	69.38	0.3827
13.99	69.38	0.4938
15.85	69.38	0.35
17.72	69.38	0.55
19.59	69.38	0.338
21.45	69.38	1.199
23.32	69.38	1.133
25.18	69.38	0.1854
27.05	69.38	0.382
28.91	69.38	0.2254
30.78	69.38	0.09909
32.64	69.38	0.09654
34.51	69.38	0.1048
36.37	69.38	0.06216
38.24	69.38	0.06806
5	71.25	0.4481
6.528	71.25	0.3109
8.394	71.25	0.2775
10.26	71.25	0.09107
12.12	71.25	0.275
13.99	71.25	0.4318
15.85	71.25	0.4664
17.72	71.25	0.725
19.59	71.25	0.4253
21.45	71.25	0.7158
23.32	71.25	0.1188
25.18	71.25	0.4163
27.05	71.25	0.7585
28.91	71.25	0.2084
30.78	71.25	0.05814
32.64	71.25	0.075
34.51	71.25	0.075
36.37	71.25	0.4967
38.24	71.25	0.04868
5	73.13	0.1997
6.528	73.13	0.6302
8.394	73.13	0.2324
10.26	73.13	0.55
12.12	73.13	0.3447
13.99	73.13	0.4722
15.85	73.13	0.4962
17.72	73.13	0.3438
19.59	73.13	0.5082
21.45	73.13	0.2823
23.32	73.13	0.4592
25.18	73.13	0.2825
27.05	73.13	0.2381
28.91	73.13	0.1398
30.78	73.13	0.05
32.64	73.13	0.06098
34.51	73.13	0.775
36.37	73.13	0.725
38.24	73.13	0.04381
5	75	0.191
6.528	75	0.4339
8.394	75	0.425
10.26	75	0.3725
12.12	75	0.5997
13.99	75	0.4879
15.85	75	0.4341
17.72	75	0.4408
19.59	75	0.2339
21.45	75	0.2491
23.32	75	0.1463
25.18	75	1.195
27.05	75	1.017
28.91	75	0.1061
30.78	75	0.05385
32.64	75	0.1
34.51	75	0.2805
36.37	75	0.1256
38.24	75	0.07677
5	76.88	0.292
6.528	76.88	0.225
8.394	76.88	0.1833
10.26	76.88	0.5196
12.12	76.88	0.4565
13.99	76.88	0.4747
15.85	76.88	0.4261
17.72	76.88	0.2673
19.59	76.88	0.2039
21.45	76.88	0.1719
23.32	76.88	0.2382
25.18	76.88	0.3141
27.05	76.88	1.209
28.91	76.88	0.05
30.78	76.88	0.775
32.64	76.88	0.2827
34.51	76.88	0.4493
36.37	76.88	0.09629
38.24	76.88	0.1386
5	78.75	0.3809
6.528	78.75	0.2155
8.394	78.75	0.4278
10.26	78.75	0.4786
12.12	78.75	0.4686
13.99	78.75	0.475
15.85	78.75	0.2184
17.72	78.75	0.2927
19.59	78.75	0.02724
21.45	78.75	0.3186
23.32	78.75	0.2721
25.18	78.75	0.3261
27.05	78.75	0.475
28.91	78.75	0.5984
30.78	78.75	1.1
32.64	78.75	0.5122
34.51	78.75	0.04858
36.37	78.75	0.09987
38.24	78.75	0.1682
5	80.63	0.2321
6.528	80.63	0.3952
8.394	80.63	0.3097
10.26	80.63	0.4825
12.12	80.63	0.3541
13.99	80.63	0.2975
15.85	80.63	0.1782
17.72	80.63	0.3126
19.59	80.63	1.031
21.45	80.63	1.146
23.32	80.63	0.3156
25.18	80.63	0.1
27.05	80.63	0.75
28.91	80.63	0.5877
30.78	80.63	0.252
32.64	80.63	0.07942
34.51	80.63	0.04742
36.37	80.63	0.1097
38.24	80.63	0.1414
5	82.5	0.9265
6.528	82.5	0.2382
8.394	82.5	0.3454
10.26	82.5	0.4602
12.12	82.5	0.2735
13.99	82.5	0.4358
15.85	82.5	0.2428
17.72	82.5	0.8123
19.59	82.5	0.8444
21.45	82.5	0.2329
23.32	82.5	0.252
25.18	82.5	0.3322
27.05	82.5	0.175
28.91	82.5	0.3477
30.78	82.5	0.1471
32.64	82.5	0.06513
34.51	82.5	0.05619
36.37	82.5	0.1085
38.24	82.5	0.1336
5	84.38	0.1904
6.528	84.38	0.3226
8.394	84.38	0.4045
10.26	84.38	0.7031
12.12	84.38	0.4739
13.99	84.38	0.5094
15.85	84.38	0.5774
17.72	84.38	0.1067
19.59	84.38	0.608
21.45	84.38	0.6433
23.32	84.38	0.357
25.18	84.38	0.6966
27.05	84.38	0.5174
28.91	84.38	0.07158
30.78	84.38	0.04852
32.64	84.38	0.06323
34.51	84.38	0.05229
36.37	84.38	0.09284
38.24	84.38	0.1245
5	86.25	0.1912
6.528	86.25	0.325
8.394	86.25	0.4398
10.26	86.25	0.5727
12.12	86.25	0.3052
13.99	86.25	0.4209
15.85	86.25	0.1159
17.72	86.25	0.3426
19.59	86.25	0.4362
21.45	86.25	0.3077
23.32	86.25	0.2906
25.18	86.25	0.517
27.05	86.25	0.2765
28.91	86.25	0.01845
30.78	86.25	0.02135
32.64	86.25	0.04545
34.51	86.25	0.03881
36.37	86.25	0.05565
38.24	86.25	0.1175
5	88.13	0.3859
6.528	88.13	0.4938
8.394	88.13	0.292
10.26	88.13	0.3588
12.12	88.13	0.3667
13.99	88.13	0.3403
15.85	88.13	0.2582
17.72	88.13	0.231
19.59	88.13	0.3417
21.45	88.13	0.4164
23.32	88.13	0.6335
25.18	88.13	0.3981
27.05	88.13	0.09977
28.91	88.13	0.009129
30.78	88.13	0.01671
32.64	88.13	0.03865
34.51	88.13	0.03216
36.37	88.13	0.03532
38.24	88.13	0.1193
5	90	0.5591
6.528	90	0.1715
8.394	90	0.5752
10.26	90	0.1889
12.12	90	0.2638
13.99	90	0.2492
15.85	90	0.1582
17.72	90	0.1904
19.59	90	0.2236
21.45	90	0.2586
23.32	90	0.3885
25.18	90	0.3192
27.05	90	0.05939
28.91	90	0.007323
30.78	90	0.01219
32.64	90	0.03281
34.51	90	0.03387
36.37	90	0.02923
38.24	90	0.09806
5	91.88	0.1262
6.528	91.88	0.245
8.394	91.88	0.2259
10.26	91.88	0.135
12.12	91.88	0.1874
13.99	91.88	0.2546
15.85	91.88	0.2237
17.72	91.88	0.1763
19.59	91.88	0.187
21.45	91.88	0.1759
23.32	91.88	0.2534
25.18	91.88	0.2414
27.05	91.88	0.06248
28.91	91.88	0.01019
30.78	91.88	0.008387
32.64	91.88	0.02519
34.51	91.88	0.03432
36.37	91.88	0.03471
38.24	91.88	0.09729
5	93.75	0.1356
6.528	93.75	0.1557
8.394	93.75	0.2616
10.26	93.75	0.1869
12.12	93.75	0.119
13.99	93.75	0.1815
15.85	93.75	0.1619
17.72	93.75	0.1762
19.59	93.75	0.2044
21.45	93.75	0.1848
23.32	93.75	0.1816
25.18	93.75	0.1526
27.05	93.75	0.08781
28.91	93.75	0.01829
30.78	93.75	0.01042
32.64	93.75	0.01848
34.51	93.75	0.03465
36.37	93.75	0.04061
38.24	93.75	0.079
5	95.63	0.06689
6.528	95.63	0.1689
8.394	95.63	0.1788
10.26	95.63	0.06413
12.12	95.63	0.08561
13.99	95.63	0.1194
15.85	95.63	0.1206
17.72	95.63	0.1674
19.59	95.63	0.1995
21.45	95.63	0.1604
23.32	95.63	0.1369
25.18	95.63	0.1001
27.05	95.63	0.105
28.91	95.63	0.03219
30.78	95.63	0.01713
32.64	95.63	0.01861
34.51	95.63	0.02952
36.37	95.63	0.041
38.24	95.63	0.05616
5	97.5	0.2016
6.528	97.5	0.02013
8.394	97.5	0.2167
10.26	97.5	0.03413
12.12	97.5	0.05958
13.99	97.5	0.09032
15.85	97.5	0.1069
17.72	97.5	0.1694
19.59	97.5	0.1606
21.45	97.5	0.1132
23.32	97.5	0.1004
25.18	97.5	0.1131
27.05	97.5	0.06887
28.91	97.5	0.02958
30.78	97.5	0.02497
32.64	97.5	0.02274
34.51	97.5	0.02906
36.37	97.5	0.03677
38.24	97.5	0.04506
5	99.38	0.1401
6.528	99.38	0.01494
8.394	99.38	0.02281
10.26	99.38	0.01965
12.12	99.38	0.06268
13.99	99.38	0.08739
15.85	99.38	0.1033
17.72	99.38	0.1375
19.59	99.38	0.1309
21.45	99.38	0.07581
23.32	99.38	0.07742
25.18	99.38	0.07252
27.05	99.38	0.04561
28.91	99.38	0.03035
30.78	99.38	0.02997
32.64	99.38	0.02665
34.51	99.38	0.02929
36.37	99.38	0.03787
38.24	99.38	0.05197
5	101.3	0.05184
6.528	101.3	0.03226
8.394	101.3	0.01335
10.26	101.3	0.01977
12.12	101.3	0.04155
13.99	101.3	0.09316
15.85	101.3	0.09813
17.72	101.3	0.1096
19.59	101.3	0.09577
21.45	101.3	0.06632
23.32	101.3	0.06103
25.18	101.3	0.07577
27.05	101.3	0.08939
28.91	101.3	0.06742
30.78	101.3	0.06613
32.64	101.3	0.05029
34.51	101.3	0.04258
36.37	101.3	0.05603
38.24	101.3	0.09003
5	103.1	0.07881
6.528	103.1	0.02442
8.394	103.1	0.01655
10.26	103.1	0.01652
12.12	103.1	0.04258
13.99	103.1	0.09045
15.85	103.1	0.1016
17.72	103.1	0.1091
19.59	103.1	0.07658
21.45	103.1	0.06052
23.32	103.1	0.06697
25.18	103.1	0.1002
27.05	103.1	0.1144
28.91	103.1	0.1668
30.78	103.1	0.2375
32.64	103.1	0.1512
34.51	103.1	0.08877
36.37	103.1	0.09461
38.24	103.1	0.1188
5	105	0.04787
6.528	105	0.02916
8.394	105	0.01484
10.26	105	0.01871
12.12	105	0.04565
13.99	105	0.09077
15.85	105	0.1107
17.72	105	0.1199
19.59	105	0.08816
21.45	105	0.07494
23.32	105	0.09258
25.18	105	0.1172
27.05	105	0.1225
28.91	105	0.1724
30.78	105	0.2547
32.64	105	0.2852
34.51	105	0.2253
36.37	105	0.1737
38.24	105	0.1432
5	106.9	0.05239
6.528	106.9	0.03245
8.394	106.9	0.01568
10.26	106.9	0.02152
12.12	106.9	0.04361
13.99	106.9	0.08432
15.85	106.9	0.1065
17.72	106.9	0.08055
19.59	106.9	0.06674
21.45	106.9	0.07548
23.32	106.9	0.08745
25.18	106.9	0.1092
27.05	106.9	0.1306
28.91	106.9	0.1573
30.78	106.9	0.1866
32.64	106.9	0.228
34.51	106.9	0.2473
36.37	106.9	0.205
38.24	106.9	0.1634
5	108.8	0.04584
6.528	108.8	0.03165
8.394	108.8	0.01858
10.26	108.8	0.01787
12.12	108.8	0.03613
13.99	108.8	0.0671
15.85	108.8	0.07571
17.72	108.8	0.05532
19.59	108.8	0.065
21.45	108.8	0.06455
23.32	108.8	0.08887
25.18	108.8	0.1013
27.05	108.8	0.1119
28.91	108.8	0.1242
30.78	108.8	0.1421
32.64	108.8	0.2031
34.51	108.8	0.2848
36.37	108.8	0.2415
38.24	108.8	0.1872
5	110.6	0.04871
6.528	110.6	0.03484
8.394	110.6	0.01871
10.26	110.6	0.02123
12.12	110.6	0.02877
13.99	110.6	0.047
15.85	110.6	0.05881
17.72	110.6	0.04539
19.59	110.6	0.05
21.45	110.6	0.08374
23.32	110.6	0.1
25.18	110.6	0.1082
27.05	110.6	0.1217
28.91	110.6	0.1679
30.78	110.6	0.2023
32.64	110.6	0.2741
34.51	110.6	0.3114
36.37	110.6	0.2735
38.24	110.6	0.2239
5	112.5	0.04848
6.528	112.5	0.04477
8.394	112.5	0.02232
10.26	112.5	0.01635
12.12	112.5	0.02894
13.99	112.5	0.04397
15.85	112.5	0.04629
17.72	112.5	0.03997
19.59	112.5	0.046
21.45	112.5	0.05197
23.32	112.5	0.07681
25.18	112.5	0.09829
27.05	112.5	0.1175
28.91	112.5	0.1723
30.78	112.5	0.2507
32.64	112.5	0.3429
34.51	112.5	0.4395
36.37	112.5	0.4122
38.24	112.5	0.3503
5	114.4	0.03206
6.528	114.4	0.04055
8.394	114.4	0.03065
10.26	114.4	0.01813
12.12	114.4	0.02061
13.99	114.4	0.03342
15.85	114.4	0.03319
17.72	114.4	0.03368
19.59	114.4	0.04048
21.45	114.4	0.05106
23.32	114.4	0.07126
25.18	114.4	0.08806
27.05	114.4	0.08906
28.91	114.4	0.1171
30.78	114.4	0.1897
32.64	114.4	0.2959
34.51	114.4	0.1938
36.37	114.4	0.5541
38.24	114.4	0.5284
5	116.3	0.04958
6.528	116.3	0.03184
8.394	116.3	0.03042
10.26	116.3	0.02345
12.12	116.3	0.02181
13.99	116.3	0.02952
15.85	116.3	0.03152
17.72	116.3	0.0331
19.59	116.3	0.03765
21.45	116.3	0.04548
23.32	116.3	0.07119
25.18	116.3	0.08961
27.05	116.3	0.08171
28.91	116.3	0.09058
30.78	116.3	0.1501
32.64	116.3	0.4074
34.51	116.3	0.3071
36.37	116.3	0.4662
38.24	116.3	0.518
5	118.1	0.06594
6.528	118.1	0.03494
8.394	118.1	0.02858
10.26	118.1	0.02155
12.12	118.1	0.01977
13.99	118.1	0.02539
15.85	118.1	0.03203
17.72	118.1	0.03487
19.59	118.1	0.036
21.45	118.1	0.03968
23.32	118.1	0.04929
25.18	118.1	0.0689
27.05	118.1	0.07665
28.91	118.1	0.08287
30.78	118.1	0.3383
32.64	118.1	0.375
34.51	118.1	0.4589
36.37	118.1	0.3757
38.24	118.1	0.392
