5	30	0.2592
6.528	30	0.2385
8.394	30	0.2067
10.26	30	0.1577
12.12	30	0.09989
13.99	30	0.07868
15.85	30	0.07493
17.72	30	0.07134
19.59	30	0.07553
21.45	30	0.08171
23.32	30	0.0946
25.18	30	0.111
27.05	30	0.1312
28.91	30	0.1592
30.78	30	0.1288
32.64	30	0.08579
34.51	30	0.2174
36.37	30	0.09369
38.24	30	0.1282
5	31.88	0.2723
6.528	31.88	0.3911
8.394	31.88	0.3357
10.26	31.88	0.2408
12.12	31.88	0.1717
13.99	31.88	0.1509
15.85	31.88	0.1007
17.72	31.88	0.09543
19.59	31.88	0.1051
21.45	31.88	0.0949
23.32	31.88	0.08871
25.18	31.88	0.1105
27.05	31.88	0.2649
28.91	31.88	0.2695
30.78	31.88	0.1946
32.64	31.88	0.1196
34.51	31.88	0.05594
36.37	31.88	0.1235
38.24	31.88	0.08498
5	33.75	0.2772
6.528	33.75	0.44
8.394	33.75	0.4143
10.26	33.75	0.2693
12.12	33.75	0.212
13.99	33.75	0.1208
15.85	33.75	0.08949
17.72	33.75	0.08815
19.59	33.75	0.07634
21.45	33.75	0.06957
23.32	33.75	0.0635
25.18	33.75	0.206
27.05	33.75	0.07273
28.91	33.75	0.1471
30.78	33.75	0.1919
32.64	33.75	0.04279
34.51	33.75	0.05242
36.37	33.75	0.09998
38.24	33.75	0.055
5	35.63	0.1728
6.528	35.63	0.2927
8.394	35.63	0.3542
10.26	35.63	0.2468
12.12	35.63	0.153
13.99	35.63	0.1379
15.85	35.63	0.1072
17.72	35.63	0.09592
19.59	35.63	0.09094
21.45	35.63	0.234
23.32	35.63	0.235
25.18	35.63	0.2321
27.05	35.63	0.07494
28.91	35.63	0.1306
30.78	35.63	0.1442
32.64	35.63	0.06136
34.51	35.63	0.01279
36.37	35.63	0.185
38.24	35.63	0.119
5	37.5	0.1786
6.528	37.5	0.2163
8.394	37.5	0.2383
10.26	37.5	0.1721
12.12	37.5	0.1341
13.99	37.5	0.1261
15.85	37.5	0.09824
17.72	37.5	0.08525
19.59	37.5	0.148
21.45	37.5	0.2407
23.32	37.5	0.1493
25.18	37.5	0.2442
27.05	37.5	0.03798
28.91	37.5	0.05191
30.78	37.5	0.06197
32.64	37.5	0.03852
34.51	37.5	0.08581
36.37	37.5	0.06989
38.24	37.5	0.09677
5	39.38	0.1626
6.528	39.38	0.184
8.394	39.38	0.1412
10.26	39.38	0.1268
12.12	39.38	0.1263
13.99	39.38	0.09202
15.85	39.38	0.08988
17.72	39.38	0.08253
19.59	39.38	0.1535
21.45	39.38	0.1484
23.32	39.38	0.113
25.18	39.38	0.02496
27.05	39.38	0.04618
28.91	39.38	0.05558
30.78	39.38	0.03746
32.64	39.38	0.09923
34.51	39.38	0.07709
36.37	39.38	0.1111
38.24	39.38	0.1092
5	41.25	0.1579
6.528	41.25	0.1435
8.394	41.25	0.1547
10.26	41.25	0.166
12.12	41.25	0.1368
13.99	41.25	0.09054
15.85	41.25	0.08077
17.72	41.25	0.1695
19.59	41.25	0.3863
21.45	41.25	0.07929
23.32	41.25	0.1597
25.18	41.25	0.1092
27.05	41.25	0.0652
28.91	41.25	0.02886
30.78	41.25	0.02313
32.64	41.25	0.03087
34.51	41.25	0.05963
36.37	41.25	0.09731
38.24	41.25	0.07901
5	43.13	0.1134
6.528	43.13	0.157
8.394	43.13	0.1483
10.26	43.13	0.1345
12.12	43.13	0.1324
13.99	43.13	0.132
15.85	43.13	0.203
17.72	43.13	0.0979
19.59	43.13	0.171
21.45	43.13	0.1634
23.32	43.13	0.1956
25.18	43.13	0.06105
27.05	43.13	0.05132
28.91	43.13	0.02746
30.78	43.13	0.005864
32.64	43.13	0.04106
34.51	43.13	0.1105
36.37	43.13	0.0679
38.24	43.13	0.03199
5	45	0.07318
6.528	45	0.08875
8.394	45	0.0826
10.26	45	0.07471
12.12	45	0.2354
13.99	45	0.2403
15.85	45	0.222
17.72	45	0.1576
19.59	45	0.1823
21.45	45	0.1516
23.32	45	0.1247
25.18	45	0.09377
27.05	45	0.3583
28.91	45	0.2414
30.78	45	0.3809
32.64	45	0.1377
34.51	45	0.1615
36.37	45	0.2813
38.24	45	0.04152
5	46.88	0.131
6.528	46.88	0.1269
8.394	46.88	0.1256
10.26	46.88	0.116
12.12	46.88	0.233
13.99	46.88	0.168
15.85	46.88	0.1147
17.72	46.88	0.07462
19.59	46.88	0.1583
21.45	46.88	0.1099
23.32	46.88	0.05448
25.18	46.88	0.2717
27.05	46.88	0.2137
28.91	46.88	0.6448
30.78	46.88	0.2202
32.64	46.88	0.05368
34.51	46.88	0.04141
36.37	46.88	0.1618
38.24	46.88	0.07151
5	48.75	0.1448
6.528	48.75	0.06145
8.394	48.75	0.1141
10.26	48.75	0.1961
12.12	48.75	0.151
13.99	48.75	0.133
15.85	48.75	0.1102
17.72	48.75	0.1416
19.59	48.75	0.09232
21.45	48.75	0.07751
23.32	48.75	0.1017
25.18	48.75	0.1765
27.05	48.75	0.1883
28.91	48.75	0.2022
30.78	48.75	0.04737
32.64	48.75	0.1238
34.51	48.75	0.01543
36.37	48.75	0.2003
38.24	48.75	0.09818
5	50.63	0.08908
6.528	50.63	0.1084
8.394	50.63	0.1877
10.26	50.63	0.1371
12.12	50.63	0.113
13.99	50.63	0.1154
15.85	50.63	0.1353
17.72	50.63	0.08583
19.59	50.63	0.08492
21.45	50.63	0.1021
23.32	50.63	0.2813
25.18	50.63	0.1341
27.05	50.63	0.3254
28.91	50.63	0.1862
30.78	50.63	0.0238
32.64	50.63	0.05563
34.51	50.63	0.09601
36.37	50.63	0.1394
38.24	50.63	0.1001
5	52.5	0.1213
6.528	52.5	0.2128
8.394	52.5	0.196
10.26	52.5	0.0861
12.12	52.5	0.12
13.99	52.5	0.1883
15.85	52.5	0.1158
17.72	52.5	0.0758
19.59	52.5	0.1006
21.45	52.5	0.2179
23.32	52.5	0.3561
25.18	52.5	0.1514
27.05	52.5	0.1964
28.91	52.5	0.15
30.78	52.5	0.07847
32.64	52.5	0.05744
34.51	52.5	0.008256
36.37	52.5	0.03608
38.24	52.5	0.06198
5	54.38	0.1641
6.528	54.38	0.06368
8.394	54.38	0.1436
10.26	54.38	0.1252
12.12	54.38	0.1932
13.99	54.38	0.2096
15.85	54.38	0.06939
17.72	54.38	0.1828
19.59	54.38	0.1109
21.45	54.38	0.1857
23.32	54.38	0.09435
25.18	54.38	0.2232
27.05	54.38	0.1159
28.91	54.38	0.03638
30.78	54.38	0.03768
32.64	54.38	0.09006
34.51	54.38	0.3798
36.37	54.38	0.04411
38.24	54.38	0.07869
5	56.25	0.296
6.528	56.25	0.09416
8.394	56.25	0.1342
10.26	56.25	0.1539
12.12	56.25	0.2073
13.99	56.25	0.2645
15.85	56.25	0.1333
17.72	56.25	0.09463
19.59	56.25	0.2467
21.45	56.25	0.09498
23.32	56.25	0.1908
25.18	56.25	0.08456
27.05	56.25	0.2079
28.91	56.25	0.02721
30.78	56.25	0.0211
32.64	56.25	0.04742
34.51	56.25	0.03412
36.37	56.25	0.07468
38.24	56.25	0.0924
5	58.13	0.1402
6.528	58.13	0.1611
8.394	58.13	0.1103
10.26	58.13	0.2635
12.12	58.13	0.1552
13.99	58.13	0.1726
15.85	58.13	0.1442
17.72	58.13	0.1707
19.59	58.13	0.1827
21.45	58.13	0.1832
23.32	58.13	0.1293
25.18	58.13	0.3281
27.05	58.13	0.2362
28.91	58.13	0.01221
30.78	58.13	0.06319
32.64	58.13	0.03282
34.51	58.13	0.0639
36.37	58.13	0.05895
38.24	58.13	0.05723
5	60	0.07624
6.528	60	0.1628
8.394	60	0.3978
10.26	60	0.1906
12.12	60	0.2078
13.99	60	0.1985
15.85	60	0.07141
17.72	60	0.1116
19.59	60	0.1309
21.45	60	0.07793
23.32	60	0.09103
25.18	60	0.2446
27.05	60	0.4539
28.91	60	0.02834
30.78	60	0.05984
32.64	60	0.005865
34.51	60	0.021
36.37	60	0.1133
38.24	60	0.09579
5	61.88	0.24
6.528	61.88	0.3461
8.394	61.88	0.2044
10.26	61.88	0.3704
12.12	61.88	0.2249
13.99	61.88	0.163
15.85	61.88	0.116
17.72	61.88	0.2648
19.59	61.88	0.1496
21.45	61.88	0.05566
23.32	61.88	0.05675
25.18	61.88	0.3153
27.05	61.88	0.007807
28.91	61.88	0.009968
30.78	61.88	0.02284
32.64	61.88	0.1083
34.51	61.88	0.04018
36.37	61.88	0.03273
38.24	61.88	0.1185
5	63.75	0.1307
6.528	63.75	0.1195
8.394	63.75	0.1346
10.26	63.75	0.1617
12.12	63.75	0.2246
13.99	63.75	0.05173
15.85	63.75	0.099
17.72	63.75	0.2573
19.59	63.75	0.1949
21.45	63.75	0.0738
23.32	63.75	0.07414
25.18	63.75	0.3233
27.05	63.75	0.0119
28.91	63.75	0.03482
30.78	63.75	0.025
32.64	63.75	0.05502
34.51	63.75	0.06091
36.37	63.75	0.09042
38.24	63.75	0.1333
5	65.63	0.2692
6.528	65.63	0.1241
8.394	65.63	0.2143
10.26	65.63	0.1339
12.12	65.63	0.007086
13.99	65.63	0.09998
15.85	65.63	0.1036
17.72	65.63	0.1086
19.59	65.63	0.1125
21.45	65.63	0.06493
23.32	65.63	0.05729
25.18	65.63	0.3036
27.05	65.63	0.01375
28.91	65.63	0.04853
30.78	65.63	0.0565
32.64	65.63	0.1396
34.51	65.63	0.3266
36.37	65.63	0.1932
38.24	65.63	0.1023
5	67.5	0.1253
6.528	67.5	0.184
8.394	67.5	0.2027
10.26	67.5	0.2886
12.12	67.5	0.0366
13.99	67.5	0.05
15.85	67.5	0.3266
17.72	67.5	0.1493
19.59	67.5	0.1054
21.45	67.5	0.118
23.32	67.5	0.2845
25.18	67.5	0.3554
27.05	67.5	0.01629
28.91	67.5	0.0241
30.78	67.5	0.1019
32.64	67.5	0.04602
34.51	67.5	0.07349
36.37	67.5	0.025
38.24	67.5	0.09101
5	69.38	0.1168
6.528	69.38	0.025
8.394	69.38	0.2663
10.26	69.38	0.06478
12.12	69.38	0.05328
13.99	69.38	0.1411
15.85	69.38	0.1558
17.72	69.38	0.08295
19.59	69.38	0.1314
21.45	69.38	0.1858
23.32	69.38	0.3281
25.18	69.38	0.1881
27.05	69.38	0.16
28.91	69.38	0.1233
30.78	69.38	0.0476
32.64	69.38	0.08244
34.51	69.38	0.1495
36.37	69.38	0.04661
38.24	69.38	0.09872
5	71.25	0.05
6.528	71.25	0.157
8.394	71.25	0.1479
10.26	71.25	0.05299
12.12	71.25	0.06741
13.99	71.25	0.1607
15.85	71.25	0.1549
17.72	71.25	0.2178
19.59	71.25	0.2242
21.45	71.25	0.3785
23.32	71.25	0.3638
25.18	71.25	0.2081
27.05	71.25	0.1359
28.91	71.25	0.02395
30.78	71.25	0.025
32.64	71.25	0.03955
34.51	71.25	0.03982
36.37	71.25	0.2037
38.24	71.25	0.05365
5	73.13	0.025
6.528	73.13	0.1651
8.394	73.13	0.1128
10.26	73.13	0.1589
12.12	73.13	0.1475
13.99	73.13	0.06382
15.85	73.13	0.1119
17.72	73.13	0.1902
19.59	73.13	0.3907
21.45	73.13	0.3228
23.32	73.13	0.02271
25.18	73.13	0.4571
27.05	73.13	0.1585
28.91	73.13	0.02801
30.78	73.13	0.04166
32.64	73.13	0.0269
34.51	73.13	0.3129
36.37	73.13	0.1465
38.24	73.13	0.05096
5	75	0.2249
6.528	75	0.3413
8.394	75	0.2034
10.26	75	0.07156
12.12	75	0.4124
13.99	75	0.1727
15.85	75	0.2007
17.72	75	0.2439
19.59	75	0.9633
21.45	75	0.01624
23.32	75	0.0659
25.18	75	0.08572
27.05	75	0.1308
28.91	75	0.01225
30.78	75	0.01543
32.64	75	0.03547
34.51	75	0.08917
36.37	75	0.04139
38.24	75	0.01102
5	76.88	0.1043
6.528	76.88	0.09469
8.394	76.88	0.09362
10.26	76.88	0.09636
12.12	76.88	0.2706
13.99	76.88	0.1517
15.85	76.88	0.2177
17.72	76.88	0.2529
19.59	76.88	0.05057
21.45	76.88	0.03521
23.32	76.88	0.1214
25.18	76.88	0.0386
27.05	76.88	0.03999
28.91	76.88	0.04999
30.78	76.88	0.03937
32.64	76.88	0.1516
34.51	76.88	0.06591
36.37	76.88	0.03089
38.24	76.88	6.578e-007
5	78.75	0.1567
6.528	78.75	0.02619
8.394	78.75	0.1592
10.26	78.75	0.1042
12.12	78.75	0.1821
13.99	78.75	0.1835
15.85	78.75	0.1338
17.72	78.75	0.3314
19.59	78.75	0.02216
21.45	78.75	0.06259
23.32	78.75	0.05721
25.18	78.75	0.02495
27.05	78.75	0.09659
28.91	78.75	0.5802
30.78	78.75	0.1796
32.64	78.75	0.1246
34.51	78.75	0.07889
36.37	78.75	0.04214
38.24	78.75	0.03997
5	80.63	0.09316
6.528	80.63	0.0673
8.394	80.63	0.2957
10.26	80.63	0.1767
12.12	80.63	0.202
13.99	80.63	0.1044
15.85	80.63	0.1376
17.72	80.63	0.02929
19.59	80.63	0.04361
21.45	80.63	0.03131
23.32	80.63	0.04866
25.18	80.63	0.0537
27.05	80.63	0.4749
28.91	80.63	0.397
30.78	80.63	0.06172
32.64	80.63	0.01066
34.51	80.63	0.004577
36.37	80.63	0.006202
38.24	80.63	0.03914
5	82.5	0.1036
6.528	82.5	0.2242
8.394	82.5	0.1476
10.26	82.5	0.1441
12.12	82.5	0.1228
13.99	82.5	0.1235
15.85	82.5	0.1057
17.72	82.5	0.026
19.59	82.5	0.02063
21.45	82.5	0.07426
23.32	82.5	0.04398
25.18	82.5	0.09998
27.05	82.5	0.1067
28.91	82.5	0.0449
30.78	82.5	0.05104
32.64	82.5	0.04801
34.51	82.5	0.02032
36.37	82.5	0.02938
38.24	82.5	0.0519
5	84.38	0.1156
6.528	84.38	0.1106
8.394	84.38	0.1787
10.26	84.38	0.1329
12.12	84.38	0.0322
13.99	84.38	0.05
15.85	84.38	0.1034
17.72	84.38	0.02289
19.59	84.38	0.1291
21.45	84.38	0.1023
23.32	84.38	0.1588
25.18	84.38	0.189
27.05	84.38	0.08788
28.91	84.38	0.04158
30.78	84.38	0.06113
32.64	84.38	0.02653
34.51	84.38	0.012
36.37	84.38	0.01288
38.24	84.38	0.009536
5	86.25	0.07378
6.528	86.25	0.06388
8.394	86.25	0.1759
10.26	86.25	0.3249
12.12	86.25	0.2432
13.99	86.25	0.1577
15.85	86.25	0.1797
17.72	86.25	0.1857
19.59	86.25	0.1436
21.45	86.25	0.07722
23.32	86.25	0.1594
25.18	86.25	0.1581
27.05	86.25	0.07784
28.91	86.25	0.03026
30.78	86.25	0.01566
32.64	86.25	0.01944
34.51	86.25	0.009451
36.37	86.25	0.01778
38.24	86.25	0.03027
5	88.13	0.1321
6.528	88.13	0.07463
8.394	88.13	0.05
10.26	88.13	0.09177
12.12	88.13	0.2062
13.99	88.13	0.05501
15.85	88.13	0.2623
17.72	88.13	0.1732
19.59	88.13	0.1426
21.45	88.13	0.253
23.32	88.13	0.2509
25.18	88.13	0.1687
27.05	88.13	0.1043
28.91	88.13	0.02817
30.78	88.13	0.02552
32.64	88.13	0.009876
34.51	88.13	0.005978
36.37	88.13	2.261e-005
38.24	88.13	1.069e-005
5	90	0.08129
6.528	90	0.07281
8.394	90	0.1021
10.26	90	0.2849
12.12	90	0.04164
13.99	90	0.2546
15.85	90	0.188
17.72	90	0.2683
19.59	90	0.1979
21.45	90	0.2277
23.32	90	0.212
25.18	90	0.2463
27.05	90	0.2016
28.91	90	0.07934
30.78	90	0.06341
32.64	90	0.02553
34.51	90	0.008853
36.37	90	0.002147
38.24	90	0.009318
5	91.88	0.1265
6.528	91.88	0.025
8.394	91.88	0.2001
10.26	91.88	0.05287
12.12	91.88	0.2
13.99	91.88	0.1917
15.85	91.88	0.151
17.72	91.88	0.1151
19.59	91.88	0.1432
21.45	91.88	0.167
23.32	91.88	0.1416
25.18	91.88	0.1467
27.05	91.88	0.1769
28.91	91.88	0.03609
30.78	91.88	0.0005932
32.64	91.88	0.01287
34.51	91.88	0.009176
36.37	91.88	0.002889
38.24	91.88	0.01526
5	93.75	0.01641
6.528	93.75	0.08826
8.394	93.75	0.0294
10.26	93.75	0.2366
12.12	93.75	0.2223
13.99	93.75	0.1121
15.85	93.75	0.06983
17.72	93.75	0.05016
19.59	93.75	0.06455
21.45	93.75	0.07796
23.32	93.75	0.08592
25.18	93.75	0.1501
27.05	93.75	0.2165
28.91	93.75	0.1335
30.78	93.75	0.02532
32.64	93.75	0.02889
34.51	93.75	0.01311
36.37	93.75	0.02216
38.24	93.75	0.02436
5	95.63	0.08401
6.528	95.63	0.07728
8.394	95.63	0.0758
10.26	95.63	0.3125
12.12	95.63	0.186
13.99	95.63	0.1946
15.85	95.63	0.1447
17.72	95.63	0.15
19.59	95.63	0.101
21.45	95.63	0.09219
23.32	95.63	0.1107
25.18	95.63	0.1126
27.05	95.63	0.1754
28.91	95.63	0.2067
30.78	95.63	0.05702
32.64	95.63	0.01672
34.51	95.63	0.01505
36.37	95.63	0.01896
38.24	95.63	0.02338
5	97.5	0.233
6.528	97.5	0.1237
8.394	97.5	0.2081
10.26	97.5	0.1209
12.12	97.5	0.1464
13.99	97.5	0.1858
15.85	97.5	0.1799
17.72	97.5	0.1646
19.59	97.5	0.1383
21.45	97.5	0.117
23.32	97.5	0.09941
25.18	97.5	0.09756
27.05	97.5	0.1429
28.91	97.5	0.2121
30.78	97.5	0.06986
32.64	97.5	0.03263
34.51	97.5	0.01411
36.37	97.5	0.008914
38.24	97.5	0.01297
5	99.38	0.1145
6.528	99.38	0.06658
8.394	99.38	0.1087
10.26	99.38	0.1152
12.12	99.38	0.1629
13.99	99.38	0.2295
15.85	99.38	0.2235
17.72	99.38	0.2033
19.59	99.38	0.2314
21.45	99.38	0.1694
23.32	99.38	0.1249
25.18	99.38	0.0871
27.05	99.38	0.09559
28.91	99.38	0.1256
30.78	99.38	0.0583
32.64	99.38	0.03176
34.51	99.38	0.007745
36.37	99.38	0.006465
38.24	99.38	0.009785
5	101.3	0.081
6.528	101.3	0.08242
8.394	101.3	0.07598
10.26	101.3	0.1148
12.12	101.3	0.1478
13.99	101.3	0.2121
15.85	101.3	0.187
17.72	101.3	0.2263
19.59	101.3	0.257
21.45	101.3	0.2007
23.32	101.3	0.1514
25.18	101.3	0.09991
27.05	101.3	0.1014
28.91	101.3	0.1135
30.78	101.3	0.06464
32.64	101.3	0.02653
34.51	101.3	0.00925
36.37	101.3	0.0112
38.24	101.3	0.01363
5	103.1	0.07478
6.528	103.1	0.06419
8.394	103.1	0.08068
10.26	103.1	0.1267
12.12	103.1	0.1988
13.99	103.1	0.2035
15.85	103.1	0.1844
17.72	103.1	0.2003
19.59	103.1	0.2779
21.45	103.1	0.3047
23.32	103.1	0.2279
25.18	103.1	0.143
27.05	103.1	0.1658
28.91	103.1	0.3581
30.78	103.1	0.2919
32.64	103.1	0.08097
34.51	103.1	0.02638
36.37	103.1	0.03657
38.24	103.1	0.0332
5	105	0.07386
6.528	105	0.07719
8.394	105	0.08806
10.26	105	0.1147
12.12	105	0.1572
13.99	105	0.1982
15.85	105	0.1697
17.72	105	0.1746
19.59	105	0.3266
21.45	105	0.3839
23.32	105	0.3379
25.18	105	0.2906
27.05	105	0.3705
28.91	105	0.5995
30.78	105	0.6339
32.64	105	0.268
34.51	105	0.1383
36.37	105	0.09218
38.24	105	0.05101
5	106.9	0.06805
6.528	106.9	0.09511
8.394	106.9	0.09618
10.26	106.9	0.1063
12.12	106.9	0.1461
13.99	106.9	0.1487
15.85	106.9	0.1397
17.72	106.9	0.1972
19.59	106.9	0.3564
21.45	106.9	0.4364
23.32	106.9	0.4607
25.18	106.9	0.4334
27.05	106.9	0.4414
28.91	106.9	0.4959
30.78	106.9	0.4517
32.64	106.9	0.267
34.51	106.9	0.2251
36.37	106.9	0.1216
38.24	106.9	0.05436
5	108.8	0.03985
6.528	108.8	0.06441
8.394	108.8	0.08037
10.26	108.8	0.08939
12.12	108.8	0.1006
13.99	108.8	0.112
15.85	108.8	0.1371
17.72	108.8	0.2032
19.59	108.8	0.3044
21.45	108.8	0.3905
23.32	108.8	0.4402
25.18	108.8	0.4816
27.05	108.8	0.4319
28.91	108.8	0.3233
30.78	108.8	0.3173
32.64	108.8	0.2584
34.51	108.8	0.2522
36.37	108.8	0.1048
38.24	108.8	0.04456
5	110.6	0.03023
6.528	110.6	0.0404
8.394	110.6	0.06558
10.26	110.6	0.08432
12.12	110.6	0.09599
13.99	110.6	0.09801
15.85	110.6	0.1064
17.72	110.6	0.1602
19.59	110.6	0.2504
21.45	110.6	0.354
23.32	110.6	0.4262
25.18	110.6	0.5576
27.05	110.6	0.5634
28.91	110.6	0.3917
30.78	110.6	0.3408
32.64	110.6	0.2717
34.51	110.6	0.2083
36.37	110.6	0.1108
38.24	110.6	0.04395
5	112.5	0.02873
6.528	112.5	0.03486
8.394	112.5	0.04691
10.26	112.5	0.07347
12.12	112.5	0.08013
13.99	112.5	0.08247
15.85	112.5	0.08948
17.72	112.5	0.1298
19.59	112.5	0.2226
21.45	112.5	0.2917
23.32	112.5	0.3558
25.18	112.5	0.5244
27.05	112.5	0.6168
28.91	112.5	0.4504
30.78	112.5	0.423
32.64	112.5	0.2914
34.51	112.5	0.2182
36.37	112.5	0.1306
38.24	112.5	0.05281
5	114.4	0.02489
6.528	114.4	0.03203
8.394	114.4	0.03841
10.26	114.4	0.0566
12.12	114.4	0.07279
13.99	114.4	0.07138
15.85	114.4	0.07206
17.72	114.4	0.1142
19.59	114.4	0.1838
21.45	114.4	0.2732
23.32	114.4	0.3255
25.18	114.4	0.4321
27.05	114.4	0.4989
28.91	114.4	0.4472
30.78	114.4	0.3706
32.64	114.4	0.2853
34.51	114.4	0.1088
36.37	114.4	0.1688
38.24	114.4	0.08456
5	116.3	0.03611
6.528	116.3	0.03177
8.394	116.3	0.04737
10.26	116.3	0.06749
12.12	116.3	0.0893
13.99	116.3	0.07938
15.85	116.3	0.077
17.72	116.3	0.1004
19.59	116.3	0.1475
21.45	116.3	0.2254
23.32	116.3	0.26
25.18	116.3	0.3571
27.05	116.3	0.3737
28.91	116.3	0.3748
30.78	116.3	0.3074
32.64	116.3	0.2448
34.51	116.3	0.0743
36.37	116.3	0.1645
38.24	116.3	0.1235
5	118.1	0.03144
6.528	118.1	0.03038
8.394	118.1	0.04715
10.26	118.1	0.05895
12.12	118.1	0.08007
13.99	118.1	0.06888
15.85	118.1	0.06794
17.72	118.1	0.08274
19.59	118.1	0.1247
21.45	118.1	0.1898
23.32	118.1	0.2324
25.18	118.1	0.2878
27.05	118.1	0.3012
28.91	118.1	0.3019
30.78	118.1	0.1965
32.64	118.1	0.194
34.51	118.1	0.07975
36.37	118.1	0.1288
38.24	118.1	0.1057
