5	30	0.3549
6.528	30	0.365
8.394	30	0.4531
10.26	30	0.4243
12.12	30	0.3867
13.99	30	0.5022
15.85	30	0.4704
17.72	30	0.4138
19.59	30	0.5154
21.45	30	0.401
23.32	30	0.2599
25.18	30	0.2997
27.05	30	0.2802
28.91	30	0.4
30.78	30	0.3993
32.64	30	0.275
34.51	30	0.2091
36.37	30	0.02533
38.24	30	0.2526
5	31.88	0.4371
6.528	31.88	0.5352
8.394	31.88	0.507
10.26	31.88	0.5111
12.12	31.88	0.5563
13.99	31.88	0.5483
15.85	31.88	0.4218
17.72	31.88	0.3544
19.59	31.88	0.3132
21.45	31.88	0.307
23.32	31.88	0.3419
25.18	31.88	0.3229
27.05	31.88	0.3
28.91	31.88	0.2535
30.78	31.88	0.3672
32.64	31.88	0.4678
34.51	31.88	0.099
36.37	31.88	0.45
38.24	31.88	0.2364
5	33.75	0.462
6.528	33.75	0.5041
8.394	33.75	0.5385
10.26	33.75	0.4994
12.12	33.75	0.5371
13.99	33.75	0.5436
15.85	33.75	0.4225
17.72	33.75	0.4457
19.59	33.75	0.4595
21.45	33.75	0.356
23.32	33.75	0.3007
25.18	33.75	0.625
27.05	33.75	0.385
28.91	33.75	0.5023
30.78	33.75	0.375
32.64	33.75	0.08876
34.51	33.75	0.08796
36.37	33.75	0.2846
38.24	33.75	0.1875
5	35.63	0.3134
6.528	35.63	0.2465
8.394	35.63	0.3749
10.26	35.63	0.438
12.12	35.63	0.3965
13.99	35.63	0.3996
15.85	35.63	0.3386
17.72	35.63	0.2784
19.59	35.63	0.3398
21.45	35.63	0.7348
23.32	35.63	0.675
25.18	35.63	0.3109
27.05	35.63	0.446
28.91	35.63	0.5279
30.78	35.63	0.325
32.64	35.63	0.3
34.51	35.63	0.075
36.37	35.63	0.4624
38.24	35.63	0.1606
5	37.5	0.3149
6.528	37.5	0.4043
8.394	37.5	0.4721
10.26	37.5	0.4852
12.12	37.5	0.5169
13.99	37.5	0.4061
15.85	37.5	0.3531
17.72	37.5	0.318
19.59	37.5	0.7136
21.45	37.5	0.5275
23.32	37.5	0.386
25.18	37.5	0.5168
27.05	37.5	0.3417
28.91	37.5	0.7854
30.78	37.5	0.3273
32.64	37.5	0.0741
34.51	37.5	0.1133
36.37	37.5	0.475
38.24	37.5	0.2535
5	39.38	0.3639
6.528	39.38	0.466
8.394	39.38	0.5383
10.26	39.38	0.5256
12.12	39.38	0.4639
13.99	39.38	0.3984
15.85	39.38	0.41
17.72	39.38	0.5482
19.59	39.38	0.5513
21.45	39.38	0.446
23.32	39.38	0.4379
25.18	39.38	0.4994
27.05	39.38	0.4838
28.91	39.38	0.5841
30.78	39.38	0.85
32.64	39.38	0.175
34.51	39.38	0.1703
36.37	39.38	0.1348
38.24	39.38	0.1575
5	41.25	0.3227
6.528	41.25	0.4141
8.394	41.25	0.5222
10.26	41.25	0.4453
12.12	41.25	0.5262
13.99	41.25	0.6598
15.85	41.25	0.675
17.72	41.25	0.6041
19.59	41.25	0.5082
21.45	41.25	0.4118
23.32	41.25	0.475
25.18	41.25	0.5022
27.05	41.25	0.6155
28.91	41.25	0.6767
30.78	41.25	0.5937
32.64	41.25	0.133
34.51	41.25	0.3221
36.37	41.25	0.1562
38.24	41.25	0.2458
5	43.13	0.2918
6.528	43.13	0.4076
8.394	43.13	0.4623
10.26	43.13	0.4522
12.12	43.13	0.2901
13.99	43.13	0.4799
15.85	43.13	0.381
17.72	43.13	0.5344
19.59	43.13	0.4464
21.45	43.13	0.452
23.32	43.13	0.8115
25.18	43.13	0.4448
27.05	43.13	0.5969
28.91	43.13	0.7374
30.78	43.13	0.4308
32.64	43.13	0.3799
34.51	43.13	0.1257
36.37	43.13	0.3535
38.24	43.13	0.1379
5	45	0.3507
6.528	45	0.4068
8.394	45	0.3242
10.26	45	0.241
12.12	45	0.1
13.99	45	0.3922
15.85	45	0.2709
17.72	45	0.3196
19.59	45	0.3911
21.45	45	0.4901
23.32	45	0.6448
25.18	45	0.6416
27.05	45	0.7183
28.91	45	0.6734
30.78	45	0.5257
32.64	45	0.3279
34.51	45	0.2454
36.37	45	0.7872
38.24	45	0.2403
5	46.88	0.3177
6.528	46.88	0.3278
8.394	46.88	0.2893
10.26	46.88	0.3515
12.12	46.88	0.3942
13.99	46.88	0.3577
15.85	46.88	0.2487
17.72	46.88	0.3281
19.59	46.88	0.3665
21.45	46.88	0.414
23.32	46.88	0.2233
25.18	46.88	0.6573
27.05	46.88	0.7313
28.91	46.88	0.7063
30.78	46.88	0.5858
32.64	46.88	0.2994
34.51	46.88	0.2437
36.37	46.88	0.7647
38.24	46.88	0.2722
5	48.75	0.4386
6.528	48.75	0.4537
8.394	48.75	0.3119
10.26	48.75	0.2648
12.12	48.75	0.4113
13.99	48.75	0.2589
15.85	48.75	0.2271
17.72	48.75	0.2838
19.59	48.75	0.3155
21.45	48.75	0.485
23.32	48.75	0.3932
25.18	48.75	0.5824
27.05	48.75	0.7466
28.91	48.75	0.6283
30.78	48.75	0.4071
32.64	48.75	0.03575
34.51	48.75	0.1747
36.37	48.75	0.3497
38.24	48.75	0.4094
5	50.63	0.2819
6.528	50.63	0.3783
8.394	50.63	0.283
10.26	50.63	0.3392
12.12	50.63	0.374
13.99	50.63	0.2705
15.85	50.63	0.1693
17.72	50.63	0.3551
19.59	50.63	0.3039
21.45	50.63	0.3784
23.32	50.63	0.995
25.18	50.63	0.5161
27.05	50.63	0.7607
28.91	50.63	0.4764
30.78	50.63	0.225
32.64	50.63	0.0458
34.51	50.63	0.1
36.37	50.63	1.007
38.24	50.63	0.3893
5	52.5	0.2442
6.528	52.5	0.2579
8.394	52.5	0.2408
10.26	52.5	0.2724
12.12	52.5	0.3242
13.99	52.5	0.2367
15.85	52.5	0.187
17.72	52.5	0.2296
19.59	52.5	0.272
21.45	52.5	0.425
23.32	52.5	0.225
25.18	52.5	0.6264
27.05	52.5	0.6608
28.91	52.5	0.324
30.78	52.5	0.03635
32.64	52.5	0.05
34.51	52.5	1.725
36.37	52.5	0.365
38.24	52.5	0.451
5	54.38	0.1644
6.528	54.38	0.1973
8.394	54.38	0.1524
10.26	54.38	0.2397
12.12	54.38	0.2402
13.99	54.38	0.2106
15.85	54.38	0.2018
17.72	54.38	0.2828
19.59	54.38	0.625
21.45	54.38	0.575
23.32	54.38	0.4598
25.18	54.38	0.8508
27.05	54.38	0.7384
28.91	54.38	0.1276
30.78	54.38	0.1596
32.64	54.38	0.025
34.51	54.38	0.075
36.37	54.38	0.2605
38.24	54.38	0.3571
5	56.25	0.1464
6.528	56.25	0.1081
8.394	56.25	0.1742
10.26	56.25	0.2564
12.12	56.25	0.2156
13.99	56.25	0.2103
15.85	56.25	0.2091
17.72	56.25	0.1903
19.59	56.25	0.275
21.45	56.25	0.275
23.32	56.25	0.4798
25.18	56.25	0.6466
27.05	56.25	0.6709
28.91	56.25	0.025
30.78	56.25	0.04622
32.64	56.25	0.03149
34.51	56.25	0.03214
36.37	56.25	0.02661
38.24	56.25	0.3399
5	58.13	0.1297
6.528	58.13	0.09981
8.394	58.13	0.2834
10.26	58.13	0.2444
12.12	58.13	0.1552
13.99	58.13	0.1678
15.85	58.13	0.2643
17.72	58.13	0.1967
19.59	58.13	0.2997
21.45	58.13	0.325
23.32	58.13	0.5231
25.18	58.13	0.3951
27.05	58.13	0.757
28.91	58.13	0.241
30.78	58.13	0.025
32.64	58.13	0.1126
34.51	58.13	0.05
36.37	58.13	0.1559
38.24	58.13	0.242
5	60	0.1217
6.528	60	0.1289
8.394	60	0.2474
10.26	60	0.2144
12.12	60	0.2207
13.99	60	0.1738
15.85	60	0.1861
17.72	60	0.2115
19.59	60	0.175
21.45	60	0.2103
23.32	60	0.3938
25.18	60	0.7004
27.05	60	0.7171
28.91	60	0.09147
30.78	60	0.025
32.64	60	0.02548
34.51	60	0.1797
36.37	60	0.65
38.24	60	0.183
5	61.88	0.2502
6.528	61.88	0.2794
8.394	61.88	0.2498
10.26	61.88	0.2413
12.12	61.88	0.206
13.99	61.88	0.2732
15.85	61.88	0.075
17.72	61.88	0.1456
19.59	61.88	0.2762
21.45	61.88	0.375
23.32	61.88	0.6739
25.18	61.88	0.7792
27.05	61.88	0.6375
28.91	61.88	0.1043
30.78	61.88	0.02755
32.64	61.88	0.09744
34.51	61.88	0.2953
36.37	61.88	0.475
38.24	61.88	0.3344
5	63.75	0.335
6.528	63.75	0.2336
8.394	63.75	0.2387
10.26	63.75	0.1826
12.12	63.75	0.2545
13.99	63.75	0.2302
15.85	63.75	0.1397
17.72	63.75	0.2456
19.59	63.75	0.2833
21.45	63.75	0.4649
23.32	63.75	0.4806
25.18	63.75	0.777
27.05	63.75	0.09231
28.91	63.75	0.159
30.78	63.75	0.025
32.64	63.75	0.1916
34.51	63.75	0.15
36.37	63.75	0.4231
38.24	63.75	0.05568
5	65.63	0.1278
6.528	65.63	0.2011
8.394	65.63	0.2225
10.26	65.63	0.2014
12.12	65.63	0.2232
13.99	65.63	0.1571
15.85	65.63	0.1492
17.72	65.63	0.1679
19.59	65.63	0.1691
21.45	65.63	0.2184
23.32	65.63	0.4883
25.18	65.63	0.7156
27.05	65.63	0.1927
28.91	65.63	0.1959
30.78	65.63	0.2334
32.64	65.63	0.2929
34.51	65.63	0.3382
36.37	65.63	0.875
38.24	65.63	0.04725
5	67.5	0.304
6.528	67.5	0.2372
8.394	67.5	0.295
10.26	67.5	0.3345
12.12	67.5	0.025
13.99	67.5	0.1643
15.85	67.5	0.3873
17.72	67.5	0.2521
19.59	67.5	0.2068
21.45	67.5	0.3052
23.32	67.5	0.3947
25.18	67.5	0.5199
27.05	67.5	0.425
28.91	67.5	0.2892
30.78	67.5	0.3034
32.64	67.5	0.1664
34.51	67.5	0.2013
36.37	67.5	0.1261
38.24	67.5	2.876e-005
5	69.38	0.1385
6.528	69.38	0.2231
8.394	69.38	0.1411
10.26	69.38	0.02895
12.12	69.38	0.137
13.99	69.38	0.375
15.85	69.38	0.4
17.72	69.38	0.3131
19.59	69.38	0.3045
21.45	69.38	0.4217
23.32	69.38	0.4841
25.18	69.38	0.2249
27.05	69.38	0.3308
28.91	69.38	0.3646
30.78	69.38	0.3951
32.64	69.38	0.1385
34.51	69.38	0.1846
36.37	69.38	0.05385
38.24	69.38	0.09443
5	71.25	0.1599
6.528	71.25	0.1244
8.394	71.25	0.1515
10.26	71.25	0.15
12.12	71.25	0.2187
13.99	71.25	0.3142
15.85	71.25	0.4344
17.72	71.25	0.2743
19.59	71.25	0.2711
21.45	71.25	0.525
23.32	71.25	0.125
25.18	71.25	0.1465
27.05	71.25	0.0999
28.91	71.25	0.2897
30.78	71.25	0.3863
32.64	71.25	0.1246
34.51	71.25	0.275
36.37	71.25	0.35
38.24	71.25	0.1136
5	73.13	0.106
6.528	73.13	0.1494
8.394	73.13	0.1149
10.26	73.13	0.1091
12.12	73.13	0.2016
13.99	73.13	0.8551
15.85	73.13	0.6281
17.72	73.13	0.334
19.59	73.13	0.1418
21.45	73.13	0.2093
23.32	73.13	0.1238
25.18	73.13	0.09926
27.05	73.13	0.1035
28.91	73.13	0.3941
30.78	73.13	0.4311
32.64	73.13	0.02778
34.51	73.13	0.1712
36.37	73.13	0.2979
38.24	73.13	0.08277
5	75	0.1243
6.528	75	0.2162
8.394	75	0.1395
10.26	75	0.1445
12.12	75	0.1754
13.99	75	0.5439
15.85	75	0.5487
17.72	75	0.6401
19.59	75	0.1366
21.45	75	0.425
23.32	75	0.3343
25.18	75	0.3963
27.05	75	0.2124
28.91	75	0.4288
30.78	75	0.396
32.64	75	0.07177
34.51	75	0.2116
36.37	75	0.3279
38.24	75	0.09856
5	76.88	0.248
6.528	76.88	0.2279
8.394	76.88	0.2
10.26	76.88	0.2447
12.12	76.88	0.2442
13.99	76.88	0.5634
15.85	76.88	0.6247
17.72	76.88	0.448
19.59	76.88	0.1869
21.45	76.88	0.1917
23.32	76.88	0.338
25.18	76.88	0.3031
27.05	76.88	0.5359
28.91	76.88	0.6523
30.78	76.88	0.3677
32.64	76.88	0.2132
34.51	76.88	0.1343
36.37	76.88	0.1071
38.24	76.88	0.043
5	78.75	0.2062
6.528	78.75	0.1886
8.394	78.75	0.185
10.26	78.75	0.2089
12.12	78.75	0.1365
13.99	78.75	0.3394
15.85	78.75	0.3679
17.72	78.75	0.407
19.59	78.75	0.325
21.45	78.75	0.372
23.32	78.75	0.2291
25.18	78.75	0.2556
27.05	78.75	0.75
28.91	78.75	0.7036
30.78	78.75	0.282
32.64	78.75	0.194
34.51	78.75	0.01933
36.37	78.75	0.09017
38.24	78.75	0.1695
5	80.63	0.159
6.528	80.63	0.1606
8.394	80.63	0.2805
10.26	80.63	0.1247
12.12	80.63	0.1235
13.99	80.63	0.2491
15.85	80.63	0.3664
17.72	80.63	0.35
19.59	80.63	0.4101
21.45	80.63	0.3752
23.32	80.63	0.2421
25.18	80.63	0.1595
27.05	80.63	0.3754
28.91	80.63	0.1301
30.78	80.63	0.213
32.64	80.63	0.06994
34.51	80.63	0.02876
36.37	80.63	0.04955
38.24	80.63	0.07028
5	82.5	0.1695
6.528	82.5	0.1754
8.394	82.5	0.1072
10.26	82.5	0.1501
12.12	82.5	0.1533
13.99	82.5	0.4997
15.85	82.5	0.1991
17.72	82.5	0.1478
19.59	82.5	0.2647
21.45	82.5	0.34
23.32	82.5	0.3634
25.18	82.5	0.196
27.05	82.5	0.5607
28.91	82.5	0.1572
30.78	82.5	0.06527
32.64	82.5	1.971e-008
34.51	82.5	3.178e-009
36.37	82.5	0.002303
38.24	82.5	0.005952
5	84.38	0.2611
6.528	84.38	0.1165
8.394	84.38	0.09544
10.26	84.38	0.1624
12.12	84.38	0.5244
13.99	84.38	0.1271
15.85	84.38	0.3444
17.72	84.38	0.3224
19.59	84.38	0.4006
21.45	84.38	0.4895
23.32	84.38	0.4312
25.18	84.38	0.4375
27.05	84.38	0.3277
28.91	84.38	0.2529
30.78	84.38	0.03229
32.64	84.38	2.438e-005
34.51	84.38	0.003077
36.37	84.38	0.00852
38.24	84.38	0.04844
5	86.25	0.05991
6.528	86.25	0.102
8.394	86.25	0.1495
10.26	86.25	0.2468
12.12	86.25	0.1168
13.99	86.25	0.2045
15.85	86.25	0.2816
17.72	86.25	0.2887
19.59	86.25	0.2876
21.45	86.25	0.27
23.32	86.25	0.2158
25.18	86.25	0.2608
27.05	86.25	0.268
28.91	86.25	0.1715
30.78	86.25	0.05731
32.64	86.25	0.01164
34.51	86.25	3.104e-009
36.37	86.25	3.605e-009
38.24	86.25	0.0001293
5	88.13	0.08361
6.528	88.13	0.1061
8.394	88.13	0.1645
10.26	88.13	0.217
12.12	88.13	0.1731
13.99	88.13	0.1948
15.85	88.13	0.2187
17.72	88.13	0.09655
19.59	88.13	0.2274
21.45	88.13	0.1733
23.32	88.13	0.1492
25.18	88.13	0.2619
27.05	88.13	0.4262
28.91	88.13	0.09484
30.78	88.13	0.08228
32.64	88.13	0.1148
34.51	88.13	0.06562
36.37	88.13	0.0004368
38.24	88.13	0.05244
5	90	0.07922
6.528	90	0.195
8.394	90	0.1402
10.26	90	0.2661
12.12	90	0.08338
13.99	90	0.1608
15.85	90	0.209
17.72	90	0.1627
19.59	90	0.2174
21.45	90	0.2141
23.32	90	0.2024
25.18	90	0.3006
27.05	90	0.2531
28.91	90	0.04582
30.78	90	0.04969
32.64	90	0.06633
34.51	90	0.04015
36.37	90	0.03336
38.24	90	0.06895
5	91.88	0.2461
6.528	91.88	0.1451
8.394	91.88	0.1703
10.26	91.88	0.2872
12.12	91.88	0.1973
13.99	91.88	0.1264
15.85	91.88	0.07803
17.72	91.88	0.06582
19.59	91.88	0.122
21.45	91.88	0.122
23.32	91.88	0.1222
25.18	91.88	0.3466
27.05	91.88	0.2959
28.91	91.88	0.05901
30.78	91.88	0.06243
32.64	91.88	0.1016
34.51	91.88	0.0545
36.37	91.88	0.04246
38.24	91.88	0.08112
5	93.75	0.1689
6.528	93.75	0.1373
8.394	93.75	0.225
10.26	93.75	0.227
12.12	93.75	0.05426
13.99	93.75	0.0714
15.85	93.75	0.1105
17.72	93.75	0.1395
19.59	93.75	0.1687
21.45	93.75	0.2447
23.32	93.75	0.2762
25.18	93.75	0.3644
27.05	93.75	0.3358
28.91	93.75	0.07804
30.78	93.75	0.05177
32.64	93.75	0.0609
34.51	93.75	0.05776
36.37	93.75	0.05698
38.24	93.75	0.06688
5	95.63	0.2002
6.528	95.63	0.1624
8.394	95.63	0.2079
10.26	95.63	0.04551
12.12	95.63	0.05588
13.99	95.63	0.07689
15.85	95.63	0.1033
17.72	95.63	0.1217
19.59	95.63	0.1819
21.45	95.63	0.2241
23.32	95.63	0.2577
25.18	95.63	0.2847
27.05	95.63	0.3167
28.91	95.63	0.1125
30.78	95.63	0.04082
32.64	95.63	0.04576
34.51	95.63	0.04709
36.37	95.63	0.0474
38.24	95.63	0.06462
5	97.5	0.2887
6.528	97.5	0.301
8.394	97.5	0.05214
10.26	97.5	0.04814
12.12	97.5	0.05339
13.99	97.5	0.09275
15.85	97.5	0.1114
17.72	97.5	0.1231
19.59	97.5	0.1521
21.45	97.5	0.1883
23.32	97.5	0.2136
25.18	97.5	0.2562
27.05	97.5	0.2406
28.91	97.5	0.07844
30.78	97.5	0.03226
32.64	97.5	0.02903
34.51	97.5	0.03301
36.37	97.5	0.03049
38.24	97.5	0.03819
5	99.38	0.2324
6.528	99.38	0.04129
8.394	99.38	0.04905
10.26	99.38	0.04061
12.12	99.38	0.06409
13.99	99.38	0.09675
15.85	99.38	0.1171
17.72	99.38	0.1216
19.59	99.38	0.1475
21.45	99.38	0.1778
23.32	99.38	0.1953
25.18	99.38	0.2093
27.05	99.38	0.154
28.91	99.38	0.03777
30.78	99.38	0.01892
32.64	99.38	0.0181
34.51	99.38	0.02323
36.37	99.38	0.0216
38.24	99.38	0.04114
5	101.3	0.05661
6.528	101.3	0.05355
8.394	101.3	0.05277
10.26	101.3	0.05801
12.12	101.3	0.0661
13.99	101.3	0.09959
15.85	101.3	0.1053
17.72	101.3	0.1038
19.59	101.3	0.1184
21.45	101.3	0.1613
23.32	101.3	0.1731
25.18	101.3	0.1829
27.05	101.3	0.1559
28.91	101.3	0.04864
30.78	101.3	0.01717
32.64	101.3	0.01443
34.51	101.3	0.02123
36.37	101.3	0.03183
38.24	101.3	0.04993
5	103.1	0.06009
6.528	103.1	0.04665
8.394	103.1	0.04956
10.26	103.1	0.05014
12.12	103.1	0.05195
13.99	103.1	0.06517
15.85	103.1	0.07071
17.72	103.1	0.08367
19.59	103.1	0.0966
21.45	103.1	0.1277
23.32	103.1	0.1384
25.18	103.1	0.1594
27.05	103.1	0.1474
28.91	103.1	0.1331
30.78	103.1	0.1247
32.64	103.1	0.03993
34.51	103.1	0.03083
36.37	103.1	0.047
38.24	103.1	0.05122
5	105	0.05659
6.528	105	0.05328
8.394	105	0.04939
10.26	105	0.0501
12.12	105	0.04448
13.99	105	0.04774
15.85	105	0.0511
17.72	105	0.05963
19.59	105	0.0834
21.45	105	0.1126
23.32	105	0.1172
25.18	105	0.1381
27.05	105	0.1532
28.91	105	0.2699
30.78	105	0.2839
32.64	105	0.1319
34.51	105	0.07634
36.37	105	0.06608
38.24	105	0.06328
5	106.9	0.06426
6.528	106.9	0.06157
8.394	106.9	0.05837
10.26	106.9	0.05736
12.12	106.9	0.04457
13.99	106.9	0.0347
15.85	106.9	0.03857
17.72	106.9	0.04923
19.59	106.9	0.07003
21.45	106.9	0.1025
23.32	106.9	0.1222
25.18	106.9	0.1384
27.05	106.9	0.1455
28.91	106.9	0.195
30.78	106.9	0.1827
32.64	106.9	0.1349
34.51	106.9	0.1033
36.37	106.9	0.09658
38.24	106.9	0.08508
5	108.8	0.05087
6.528	108.8	0.04785
8.394	108.8	0.04864
10.26	108.8	0.04488
12.12	108.8	0.03447
13.99	108.8	0.03153
15.85	108.8	0.0303
17.72	108.8	0.0414
19.59	108.8	0.06383
21.45	108.8	0.09003
23.32	108.8	0.1175
25.18	108.8	0.1858
27.05	108.8	0.1544
28.91	108.8	0.1128
30.78	108.8	0.1251
32.64	108.8	0.1256
34.51	108.8	0.1353
36.37	108.8	0.1291
38.24	108.8	0.1107
5	110.6	0.04083
6.528	110.6	0.0374
8.394	110.6	0.03877
10.26	110.6	0.04017
12.12	110.6	0.04221
13.99	110.6	0.03834
15.85	110.6	0.03827
17.72	110.6	0.0487
19.59	110.6	0.06246
21.45	110.6	0.0808
23.32	110.6	0.1121
25.18	110.6	0.1274
27.05	110.6	0.1776
28.91	110.6	0.1317
30.78	110.6	0.1245
32.64	110.6	0.1447
34.51	110.6	0.1674
36.37	110.6	0.1553
38.24	110.6	0.1287
5	112.5	0.04047
6.528	112.5	0.03927
8.394	112.5	0.0371
10.26	112.5	0.03121
12.12	112.5	0.03591
13.99	112.5	0.04016
15.85	112.5	0.04181
17.72	112.5	0.04826
19.59	112.5	0.06425
21.45	112.5	0.0718
23.32	112.5	0.1128
25.18	112.5	0.1354
27.05	112.5	0.184
28.91	112.5	0.1797
30.78	112.5	0.169
32.64	112.5	0.2379
34.51	112.5	0.2157
36.37	112.5	0.2187
38.24	112.5	0.1942
5	114.4	0.0415
6.528	114.4	0.04027
8.394	114.4	0.06625
10.26	114.4	0.04885
12.12	114.4	0.04523
13.99	114.4	0.0514
15.85	114.4	0.0569
17.72	114.4	0.03136
19.59	114.4	0.0563
21.45	114.4	0.07607
23.32	114.4	0.1239
25.18	114.4	0.15
27.05	114.4	0.1563
28.91	114.4	0.1769
30.78	114.4	0.2249
32.64	114.4	0.2676
34.51	114.4	0.3313
36.37	114.4	0.316
38.24	114.4	0.3341
5	116.3	0.04757
6.528	116.3	0.03933
8.394	116.3	0.0362
10.26	116.3	0.0359
12.12	116.3	0.0408
13.99	116.3	0.0436
15.85	116.3	0.04913
17.72	116.3	0.05617
19.59	116.3	0.0626
21.45	116.3	0.06857
23.32	116.3	0.12
25.18	116.3	0.1587
27.05	116.3	0.1416
28.91	116.3	0.1433
30.78	116.3	0.1719
32.64	116.3	0.2022
34.51	116.3	0.2776
36.37	116.3	0.3112
38.24	116.3	0.3803
5	118.1	0.03853
6.528	118.1	0.034
8.394	118.1	0.03217
10.26	118.1	0.0349
12.12	118.1	0.0407
13.99	118.1	0.04723
15.85	118.1	0.0493
17.72	118.1	0.05357
19.59	118.1	0.05733
21.45	118.1	0.06043
23.32	118.1	0.08957
25.18	118.1	0.1443
27.05	118.1	0.1927
28.91	118.1	0.1702
30.78	118.1	0.625
32.64	118.1	0.15
34.51	118.1	0.175
36.37	118.1	0.2567
38.24	118.1	0.3493
