5	30	0.2705
6.528	30	0.2568
8.394	30	0.1987
10.26	30	0.1444
12.12	30	0.1353
13.99	30	0.134
15.85	30	0.1087
17.72	30	0.1217
19.59	30	0.1345
21.45	30	0.0983
23.32	30	0.07206
25.18	30	0.08243
27.05	30	0.08343
28.91	30	0.07108
30.78	30	0.0387
32.64	30	0.02765
34.51	30	0.02697
36.37	30	0.2
38.24	30	0.04895
5	31.88	0.2563
6.528	31.88	0.3124
8.394	31.88	0.2337
10.26	31.88	0.1919
12.12	31.88	0.1467
13.99	31.88	0.1239
15.85	31.88	0.09595
17.72	31.88	0.09536
19.59	31.88	0.09877
21.45	31.88	0.07887
23.32	31.88	0.06595
25.18	31.88	0.0618
27.05	31.88	0.03333
28.91	31.88	0.02795
30.78	31.88	0.02637
32.64	31.88	0.0333
34.51	31.88	0.2596
36.37	31.88	0.1333
38.24	31.88	0.06353
5	33.75	0.2536
6.528	33.75	0.4444
8.394	33.75	0.3136
10.26	33.75	0.2114
12.12	33.75	0.2282
13.99	33.75	0.164
15.85	33.75	0.1047
17.72	33.75	0.09765
19.59	33.75	0.09733
21.45	33.75	0.0673
23.32	33.75	0.05127
25.18	33.75	0.05
27.05	33.75	0.02967
28.91	33.75	0.05982
30.78	33.75	0.02811
32.64	33.75	0.03133
34.51	33.75	0.3121
36.37	33.75	0.1395
38.24	33.75	0.06082
5	35.63	0.1909
6.528	35.63	0.2952
8.394	35.63	0.3167
10.26	35.63	0.2388
12.12	35.63	0.1313
13.99	35.63	0.08061
15.85	35.63	0.05417
17.72	35.63	0.05374
19.59	35.63	0.04145
21.45	35.63	0.325
23.32	35.63	0.02652
25.18	35.63	0.02685
27.05	35.63	0.0287
28.91	35.63	0.03086
30.78	35.63	0.03101
32.64	35.63	0.03639
34.51	35.63	0.1378
36.37	35.63	0.2252
38.24	35.63	0.05771
5	37.5	0.1758
6.528	37.5	0.1679
8.394	37.5	0.1275
10.26	37.5	0.09669
12.12	37.5	0.0875
13.99	37.5	0.05717
15.85	37.5	0.03391
17.72	37.5	0.08496
19.59	37.5	0.2074
21.45	37.5	0.3821
23.32	37.5	0.03618
25.18	37.5	0.02742
27.05	37.5	0.02886
28.91	37.5	0.05
30.78	37.5	0.05
32.64	37.5	0.076
34.51	37.5	0.1752
36.37	37.5	0.2359
38.24	37.5	0.1202
5	39.38	0.1617
6.528	39.38	0.1138
8.394	39.38	0.08268
10.26	39.38	0.06419
12.12	39.38	0.05567
13.99	39.38	0.07708
15.85	39.38	0.09046
17.72	39.38	0.1385
19.59	39.38	0.4
21.45	39.38	0.03167
23.32	39.38	0.05
25.18	39.38	0.02776
27.05	39.38	0.02654
28.91	39.38	0.04126
30.78	39.38	0.04938
32.64	39.38	0.0332
34.51	39.38	0.1111
36.37	39.38	0.1166
38.24	39.38	0.08376
5	41.25	0.1376
6.528	41.25	0.09706
8.394	41.25	0.07473
10.26	41.25	0.05185
12.12	41.25	0.06599
13.99	41.25	0.07563
15.85	41.25	0.1308
17.72	41.25	0.4
19.59	41.25	0.185
21.45	41.25	0.0281
23.32	41.25	0.1168
25.18	41.25	0.04454
27.05	41.25	0.09476
28.91	41.25	0.02985
30.78	41.25	0.03362
32.64	41.25	0.04379
34.51	41.25	0.05116
36.37	41.25	0.1755
38.24	41.25	0.1442
5	43.13	0.1257
6.528	43.13	0.1281
8.394	43.13	0.1369
10.26	43.13	0.06803
12.12	43.13	0.175
13.99	43.13	0.137
15.85	43.13	0.1739
17.72	43.13	0.1354
19.59	43.13	0.1447
21.45	43.13	0.1161
23.32	43.13	0.1104
25.18	43.13	0.04751
27.05	43.13	0.02967
28.91	43.13	0.02549
30.78	43.13	0.02845
32.64	43.13	0.05383
34.51	43.13	0.1174
36.37	43.13	0.07241
38.24	43.13	0.04
5	45	0.1337
6.528	45	0.1001
8.394	45	0.04853
10.26	45	0.1708
12.12	45	0.15
13.99	45	0.151
15.85	45	0.1223
17.72	45	0.1196
19.59	45	0.1017
21.45	45	0.1233
23.32	45	0.1499
25.18	45	0.02868
27.05	45	0.3634
28.91	45	0.02932
30.78	45	0.062
32.64	45	0.05661
34.51	45	0.1119
36.37	45	0.09062
38.24	45	0.05502
5	46.88	0.1543
6.528	46.88	0.1476
8.394	46.88	0.1718
10.26	46.88	0.1489
12.12	46.88	0.1476
13.99	46.88	0.1257
15.85	46.88	0.135
17.72	46.88	0.2021
19.59	46.88	0.1172
21.45	46.88	0.1326
23.32	46.88	0.4417
25.18	46.88	0.283
27.05	46.88	0.2
28.91	46.88	0.3442
30.78	46.88	0.1
32.64	46.88	0.1174
34.51	46.88	0.06561
36.37	46.88	0.5812
38.24	46.88	0.1102
5	48.75	0.198
6.528	48.75	0.146
8.394	48.75	0.1492
10.26	48.75	0.1434
12.12	48.75	0.1569
13.99	48.75	0.1417
15.85	48.75	0.1939
17.72	48.75	0.1508
19.59	48.75	0.1382
21.45	48.75	0.1235
23.32	48.75	0.1379
25.18	48.75	0.2224
27.05	48.75	0.2523
28.91	48.75	0.2
30.78	48.75	0.06173
32.64	48.75	0.1714
34.51	48.75	0.04971
36.37	48.75	0.2174
38.24	48.75	0.05409
5	50.63	0.1925
6.528	50.63	0.1904
8.394	50.63	0.205
10.26	50.63	0.1285
12.12	50.63	0.1573
13.99	50.63	0.2965
15.85	50.63	0.2098
17.72	50.63	0.1569
19.59	50.63	0.1133
21.45	50.63	0.09167
23.32	50.63	0.225
25.18	50.63	0.225
27.05	50.63	0.3059
28.91	50.63	0.525
30.78	50.63	0.09261
32.64	50.63	0.05
34.51	50.63	0.025
36.37	50.63	0.6203
38.24	50.63	0.1548
5	52.5	0.1516
6.528	52.5	0.3368
8.394	52.5	0.1873
10.26	52.5	0.1497
12.12	52.5	0.3238
13.99	52.5	0.2591
15.85	52.5	0.1818
17.72	52.5	0.1808
19.59	52.5	0.1877
21.45	52.5	0.1558
23.32	52.5	0.1293
25.18	52.5	0.1967
27.05	52.5	0.2563
28.91	52.5	0.1943
30.78	52.5	0.1749
32.64	52.5	0.05
34.51	52.5	0.02655
36.37	52.5	0.02735
38.24	52.5	0.1671
5	54.38	0.1779
6.528	54.38	0.1749
8.394	54.38	0.1616
10.26	54.38	0.1283
12.12	54.38	0.3056
13.99	54.38	0.1328
15.85	54.38	0.1997
17.72	54.38	0.1718
19.59	54.38	0.1
21.45	54.38	0.225
23.32	54.38	0.139
25.18	54.38	0.227
27.05	54.38	0.5127
28.91	54.38	0.025
30.78	54.38	0.0257
32.64	54.38	0.02642
34.51	54.38	0.025
36.37	54.38	0.06125
38.24	54.38	0.09341
5	56.25	0.1468
6.528	56.25	0.1938
8.394	56.25	0.1288
10.26	56.25	0.2386
12.12	56.25	0.2996
13.99	56.25	0.1877
15.85	56.25	0.1642
17.72	56.25	0.1892
19.59	56.25	0.2008
21.45	56.25	0.1735
23.32	56.25	0.1446
25.18	56.25	0.2278
27.05	56.25	0.4256
28.91	56.25	0.02767
30.78	56.25	0.0258
32.64	56.25	0.02616
34.51	56.25	0.02585
36.37	56.25	0.05147
38.24	56.25	0.07384
5	58.13	0.2164
6.528	58.13	0.1506
8.394	58.13	0.2258
10.26	58.13	0.3788
12.12	58.13	0.1624
13.99	58.13	0.1639
15.85	58.13	0.1859
17.72	58.13	0.1187
19.59	58.13	0.09717
21.45	58.13	0.4
23.32	58.13	0.3103
25.18	58.13	0.2917
27.05	58.13	0.05518
28.91	58.13	0.0255
30.78	58.13	0.02542
32.64	58.13	0.02707
34.51	58.13	0.0308
36.37	58.13	0.0672
38.24	58.13	0.1142
5	60	0.1303
6.528	60	0.3403
8.394	60	0.3177
10.26	60	0.3174
12.12	60	0.2504
13.99	60	0.4627
15.85	60	0.149
17.72	60	0.02912
19.59	60	0.17
21.45	60	0.03937
23.32	60	0.2187
25.18	60	0.3125
27.05	60	0.05452
28.91	60	0.02558
30.78	60	0.0277
32.64	60	0.04103
34.51	60	0.02978
36.37	60	0.02521
38.24	60	0.07304
5	61.88	0.1863
6.528	61.88	0.3749
8.394	61.88	0.4473
10.26	61.88	0.3077
12.12	61.88	0.144
13.99	61.88	0.2638
15.85	61.88	0.06818
17.72	61.88	0.225
19.59	61.88	0.1
21.45	61.88	0.03914
23.32	61.88	0.08725
25.18	61.88	0.4268
27.05	61.88	0.2333
28.91	61.88	0.03205
30.78	61.88	0.03421
32.64	61.88	0.03025
34.51	61.88	0.02853
36.37	61.88	0.2294
38.24	61.88	0.1672
5	63.75	0.2433
6.528	63.75	0.7746
8.394	63.75	0.2412
10.26	63.75	0.2786
12.12	63.75	0.3292
13.99	63.75	0.0984
15.85	63.75	0.2402
17.72	63.75	0.1341
19.59	63.75	0.1139
21.45	63.75	0.08133
23.32	63.75	0.1361
25.18	63.75	0.5014
27.05	63.75	0.025
28.91	63.75	0.02852
30.78	63.75	0.02628
32.64	63.75	0.02653
34.51	63.75	0.1111
36.37	63.75	0.2087
38.24	63.75	0.09536
5	65.63	0.3791
6.528	65.63	0.2046
8.394	65.63	0.2347
10.26	65.63	0.275
12.12	65.63	0.03104
13.99	65.63	0.05778
15.85	65.63	0.3281
17.72	65.63	0.05518
19.59	65.63	0.05984
21.45	65.63	0.06057
23.32	65.63	0.1505
25.18	65.63	0.4
27.05	65.63	0.02546
28.91	65.63	0.025
30.78	65.63	0.02535
32.64	65.63	0.06071
34.51	65.63	0.02856
36.37	65.63	0.025
38.24	65.63	0.08762
5	67.5	0.2257
6.528	67.5	0.2609
8.394	67.5	0.3371
10.26	67.5	0.3247
12.12	67.5	0.03659
13.99	67.5	0.1132
15.85	67.5	0.1052
17.72	67.5	0.04921
19.59	67.5	0.1314
21.45	67.5	0.08056
23.32	67.5	0.2771
25.18	67.5	0.448
27.05	67.5	0.02865
28.91	67.5	0.02528
30.78	67.5	0.03615
32.64	67.5	0.025
34.51	67.5	0.05742
36.37	67.5	0.02712
38.24	67.5	0.06104
5	69.38	0.2528
6.528	69.38	0.2925
8.394	69.38	0.2738
10.26	69.38	0.08096
12.12	69.38	0.04115
13.99	69.38	0.1871
15.85	69.38	0.07212
17.72	69.38	0.1041
19.59	69.38	0.08141
21.45	69.38	0.1237
23.32	69.38	0.5779
25.18	69.38	0.2601
27.05	69.38	0.02531
28.91	69.38	0.03341
30.78	69.38	0.025
32.64	69.38	0.02566
34.51	69.38	0.05
36.37	69.38	0.03911
38.24	69.38	0.0162
5	71.25	0.025
6.528	71.25	0.025
8.394	71.25	0.175
10.26	71.25	0.03377
12.12	71.25	0.06053
13.99	71.25	0.45
15.85	71.25	0.175
17.72	71.25	0.375
19.59	71.25	0.2199
21.45	71.25	0.3796
23.32	71.25	0.4105
25.18	71.25	0.4353
27.05	71.25	0.825
28.91	71.25	0.03445
30.78	71.25	0.03151
32.64	71.25	0.03343
34.51	71.25	0.03417
36.37	71.25	0.05385
38.24	71.25	0.03528
5	73.13	0.2816
6.528	73.13	0.3095
8.394	73.13	0.1464
10.26	73.13	0.1016
12.12	73.13	0.2166
13.99	73.13	0.3525
15.85	73.13	0.2312
17.72	73.13	0.3765
19.59	73.13	0.3448
21.45	73.13	0.2603
23.32	73.13	0.03534
25.18	73.13	0.1097
27.05	73.13	0.1938
28.91	73.13	0.02903
30.78	73.13	0.02761
32.64	73.13	0.02531
34.51	73.13	0.075
36.37	73.13	0.1149
38.24	73.13	0.04051
5	75	0.2477
6.528	75	0.2907
8.394	75	0.175
10.26	75	0.2633
12.12	75	0.1341
13.99	75	0.2239
15.85	75	0.1886
17.72	75	0.1366
19.59	75	0.179
21.45	75	0.02787
23.32	75	0.0551
25.18	75	0.08155
27.05	75	0.1027
28.91	75	0.025
30.78	75	0.025
32.64	75	0.025
34.51	75	0.05
36.37	75	0.175
38.24	75	0.02016
5	76.88	0.1702
6.528	76.88	0.07667
8.394	76.88	0.1512
10.26	76.88	0.2662
12.12	76.88	0.2014
13.99	76.88	0.2429
15.85	76.88	0.124
17.72	76.88	0.3447
19.59	76.88	0.02752
21.45	76.88	0.03839
23.32	76.88	0.04182
25.18	76.88	0.05537
27.05	76.88	0.02529
28.91	76.88	0.02738
30.78	76.88	0.04482
32.64	76.88	0.1953
34.51	76.88	0.03514
36.37	76.88	0.04335
38.24	76.88	0.0004454
5	78.75	0.1502
6.528	78.75	0.025
8.394	78.75	0.2028
10.26	78.75	0.1547
12.12	78.75	0.2436
13.99	78.75	0.1619
15.85	78.75	0.1475
17.72	78.75	0.1373
19.59	78.75	0.05411
21.45	78.75	0.03628
23.32	78.75	0.02591
25.18	78.75	0.02564
27.05	78.75	0.02836
28.91	78.75	0.4779
30.78	78.75	0.06963
32.64	78.75	0.02947
34.51	78.75	0.01638
36.37	78.75	0.0159
38.24	78.75	0.01877
5	80.63	0.05
6.528	80.63	0.1792
8.394	80.63	0.2112
10.26	80.63	0.1539
12.12	80.63	0.1002
13.99	80.63	0.1047
15.85	80.63	0.099
17.72	80.63	0.02749
19.59	80.63	0.0298
21.45	80.63	0.03028
23.32	80.63	0.025
25.18	80.63	0.03113
27.05	80.63	0.05891
28.91	80.63	0.1041
30.78	80.63	0.00694
32.64	80.63	0.005946
34.51	80.63	0.002953
36.37	80.63	0.009723
38.24	80.63	0.04933
5	82.5	0.1267
6.528	82.5	0.1903
8.394	82.5	0.231
10.26	82.5	0.09958
12.12	82.5	0.1459
13.99	82.5	0.123
15.85	82.5	0.02889
17.72	82.5	0.03218
19.59	82.5	0.03036
21.45	82.5	0.02618
23.32	82.5	0.02635
25.18	82.5	0.03846
27.05	82.5	0.1101
28.91	82.5	0.00477
30.78	82.5	0.01407
32.64	82.5	0.02717
34.51	82.5	0.002979
36.37	82.5	0.009992
38.24	82.5	0.03149
5	84.38	0.1911
6.528	84.38	0.1237
8.394	84.38	0.1848
10.26	84.38	0.1542
12.12	84.38	0.3
13.99	84.38	0.1045
15.85	84.38	0.1897
17.72	84.38	0.03
19.59	84.38	0.03475
21.45	84.38	0.0258
23.32	84.38	0.03484
25.18	84.38	0.1052
27.05	84.38	0.05013
28.91	84.38	0.008155
30.78	84.38	0.003509
32.64	84.38	0.04757
34.51	84.38	0.00895
36.37	84.38	0.003213
38.24	84.38	0.02227
5	86.25	0.1703
6.528	86.25	0.1731
8.394	86.25	0.2112
10.26	86.25	0.05
12.12	86.25	0.1313
13.99	86.25	0.08669
15.85	86.25	0.02882
17.72	86.25	0.02931
19.59	86.25	0.035
21.45	86.25	0.025
23.32	86.25	0.1454
25.18	86.25	0.1171
27.05	86.25	0.009556
28.91	86.25	4.316e-005
30.78	86.25	5.714e-006
32.64	86.25	0.03503
34.51	86.25	0.01076
36.37	86.25	0.01223
38.24	86.25	0.02378
5	88.13	0.2258
6.528	88.13	0.1954
8.394	88.13	0.1628
10.26	88.13	0.1467
12.12	88.13	0.08531
13.99	88.13	0.02838
15.85	88.13	0.02628
17.72	88.13	0.03102
19.59	88.13	0.025
21.45	88.13	0.1629
23.32	88.13	0.1409
25.18	88.13	0.08108
27.05	88.13	0.03066
28.91	88.13	0.000639
30.78	88.13	0.008633
32.64	88.13	0.06039
34.51	88.13	0.07042
36.37	88.13	0.02798
38.24	88.13	0.02848
5	90	0.3583
6.528	90	0.276
8.394	90	0.1578
10.26	90	0.1221
12.12	90	0.03293
13.99	90	0.1
15.85	90	0.03167
17.72	90	0.025
19.59	90	0.1086
21.45	90	0.1373
23.32	90	0.1319
25.18	90	0.07922
27.05	90	0.02867
28.91	90	7.234e-005
30.78	90	1.537e-005
32.64	90	0.05363
34.51	90	0.03222
36.37	90	0.01028
38.24	90	0.006567
5	91.88	0.2093
6.528	91.88	0.2434
8.394	91.88	0.2316
10.26	91.88	0.025
12.12	91.88	0.07292
13.99	91.88	0.02768
15.85	91.88	0.06434
17.72	91.88	0.04736
19.59	91.88	0.07028
21.45	91.88	0.08806
23.32	91.88	0.07714
25.18	91.88	0.09034
27.05	91.88	0.07558
28.91	91.88	0.005896
30.78	91.88	3.721e-010
32.64	91.88	0.02078
34.51	91.88	0.02667
36.37	91.88	0.02537
38.24	91.88	0.02567
5	93.75	0.1806
6.528	93.75	0.2283
8.394	93.75	0.025
10.26	93.75	0.1666
12.12	93.75	0.05
13.99	93.75	0.1291
15.85	93.75	0.08932
17.72	93.75	0.09055
19.59	93.75	0.07344
21.45	93.75	0.07967
23.32	93.75	0.07587
25.18	93.75	0.1028
27.05	93.75	0.1032
28.91	93.75	0.03448
30.78	93.75	6.763e-005
32.64	93.75	0.01909
34.51	93.75	0.04695
36.37	93.75	0.06707
38.24	93.75	0.04358
5	95.63	0.3055
6.528	95.63	0.2371
8.394	95.63	0.1523
10.26	95.63	0.2
12.12	95.63	0.1501
13.99	95.63	0.1408
15.85	95.63	0.1148
17.72	95.63	0.0683
19.59	95.63	0.04229
21.45	95.63	0.04195
23.32	95.63	0.06202
25.18	95.63	0.07769
27.05	95.63	0.09518
28.91	95.63	0.06137
30.78	95.63	0.01154
32.64	95.63	0.01789
34.51	95.63	0.05771
36.37	95.63	0.07175
38.24	95.63	0.04552
5	97.5	0.2617
6.528	97.5	0.2139
8.394	97.5	0.2973
10.26	97.5	0.1397
12.12	97.5	0.1406
13.99	97.5	0.1223
15.85	97.5	0.09438
17.72	97.5	0.07177
19.59	97.5	0.06202
21.45	97.5	0.06815
23.32	97.5	0.05211
25.18	97.5	0.05618
27.05	97.5	0.05069
28.91	97.5	0.03929
30.78	97.5	0.01842
32.64	97.5	0.03518
34.51	97.5	0.06755
36.37	97.5	0.0858
38.24	97.5	0.05533
5	99.38	0.3458
6.528	99.38	0.1829
8.394	99.38	0.1615
10.26	99.38	0.1218
12.12	99.38	0.1319
13.99	99.38	0.1401
15.85	99.38	0.1084
17.72	99.38	0.1025
19.59	99.38	0.1143
21.45	99.38	0.1001
23.32	99.38	0.07242
25.18	99.38	0.05447
27.05	99.38	0.04082
28.91	99.38	0.03377
30.78	99.38	0.02586
32.64	99.38	0.0447
34.51	99.38	0.08087
36.37	99.38	0.06343
38.24	99.38	0.03501
5	101.3	0.1669
6.528	101.3	0.1619
8.394	101.3	0.1262
10.26	101.3	0.1249
12.12	101.3	0.1259
13.99	101.3	0.1576
15.85	101.3	0.1303
17.72	101.3	0.1235
19.59	101.3	0.1206
21.45	101.3	0.1036
23.32	101.3	0.08148
25.18	101.3	0.05623
27.05	101.3	0.04174
28.91	101.3	0.03964
30.78	101.3	0.03987
32.64	101.3	0.05158
34.51	101.3	0.09776
36.37	101.3	0.06982
38.24	101.3	0.04432
5	103.1	0.1541
6.528	103.1	0.1346
8.394	103.1	0.1287
10.26	103.1	0.1168
12.12	103.1	0.1182
13.99	103.1	0.1302
15.85	103.1	0.1379
17.72	103.1	0.1356
19.59	103.1	0.1697
21.45	103.1	0.1405
23.32	103.1	0.1052
25.18	103.1	0.09336
27.05	103.1	0.1098
28.91	103.1	0.2216
30.78	103.1	0.3064
32.64	103.1	0.1545
34.51	103.1	0.1166
36.37	103.1	0.07908
38.24	103.1	0.06742
5	105	0.1618
6.528	105	0.1807
8.394	105	0.1478
10.26	105	0.1388
12.12	105	0.1255
13.99	105	0.1345
15.85	105	0.1606
17.72	105	0.1558
19.59	105	0.1835
21.45	105	0.1643
23.32	105	0.1294
25.18	105	0.1306
27.05	105	0.2714
28.91	105	0.5158
30.78	105	0.5889
32.64	105	0.3184
34.51	105	0.1344
36.37	105	0.07228
38.24	105	0.07383
5	106.9	0.1409
6.528	106.9	0.1976
8.394	106.9	0.1676
10.26	106.9	0.1399
12.12	106.9	0.1519
13.99	106.9	0.1695
15.85	106.9	0.2018
17.72	106.9	0.2337
19.59	106.9	0.2112
21.45	106.9	0.1976
23.32	106.9	0.2157
25.18	106.9	0.2012
27.05	106.9	0.2463
28.91	106.9	0.4599
30.78	106.9	0.4355
32.64	106.9	0.2795
34.51	106.9	0.1857
36.37	106.9	0.1407
38.24	106.9	0.1033
5	108.8	0.1248
6.528	108.8	0.1675
8.394	108.8	0.1933
10.26	108.8	0.1749
12.12	108.8	0.1559
13.99	108.8	0.1797
15.85	108.8	0.2532
17.72	108.8	0.2644
19.59	108.8	0.1963
21.45	108.8	0.1969
23.32	108.8	0.2665
25.18	108.8	0.2579
27.05	108.8	0.259
28.91	108.8	0.3517
30.78	108.8	0.3864
32.64	108.8	0.3071
34.51	108.8	0.3317
36.37	108.8	0.1754
38.24	108.8	0.08984
5	110.6	0.08565
6.528	110.6	0.1029
8.394	110.6	0.1526
10.26	110.6	0.1879
12.12	110.6	0.1553
13.99	110.6	0.1621
15.85	110.6	0.1755
17.72	110.6	0.1923
19.59	110.6	0.1436
21.45	110.6	0.1997
23.32	110.6	0.2488
25.18	110.6	0.3805
27.05	110.6	0.5255
28.91	110.6	0.5325
30.78	110.6	0.5552
32.64	110.6	0.5018
34.51	110.6	0.3963
36.37	110.6	0.2096
38.24	110.6	0.1008
5	112.5	0.06487
6.528	112.5	0.07594
8.394	112.5	0.09894
10.26	112.5	0.101
12.12	112.5	0.09425
13.99	112.5	0.1143
15.85	112.5	0.1096
17.72	112.5	0.1249
19.59	112.5	0.2035
21.45	112.5	0.1871
23.32	112.5	0.232
25.18	112.5	0.3518
27.05	112.5	0.5472
28.91	112.5	0.5645
30.78	112.5	0.5478
32.64	112.5	0.4594
34.51	112.5	0.3644
36.37	112.5	0.2503
38.24	112.5	0.1298
5	114.4	0.05403
6.528	114.4	0.06719
8.394	114.4	0.03813
10.26	114.4	0.04088
12.12	114.4	0.0686
13.99	114.4	0.07968
15.85	114.4	0.07713
17.72	114.4	0.1609
19.59	114.4	0.2246
21.45	114.4	0.2147
23.32	114.4	0.2784
25.18	114.4	0.3683
27.05	114.4	0.5513
28.91	114.4	0.6016
30.78	114.4	0.4569
32.64	114.4	0.3867
34.51	114.4	0.0305
36.37	114.4	0.2357
38.24	114.4	0.1459
5	116.3	0.06571
6.528	116.3	0.06352
8.394	116.3	0.09165
10.26	116.3	0.1117
12.12	116.3	0.1644
13.99	116.3	0.1613
15.85	116.3	0.1539
17.72	116.3	0.1844
19.59	116.3	0.2167
21.45	116.3	0.2299
23.32	116.3	0.2349
25.18	116.3	0.3116
27.05	116.3	0.4637
28.91	116.3	0.4342
30.78	116.3	0.3434
32.64	116.3	0.02548
34.51	116.3	0.02902
36.37	116.3	0.1744
38.24	116.3	0.2054
5	118.1	0.05729
6.528	118.1	0.05906
8.394	118.1	0.09694
10.26	118.1	0.1097
12.12	118.1	0.1427
13.99	118.1	0.1353
15.85	118.1	0.1236
17.72	118.1	0.1468
19.59	118.1	0.2061
21.45	118.1	0.214
23.32	118.1	0.227
25.18	118.1	0.2683
27.05	118.1	0.2821
28.91	118.1	0.3182
30.78	118.1	0.03148
32.64	118.1	0.02627
34.51	118.1	0.1081
36.37	118.1	0.1998
38.24	118.1	0.1846
